3.492065578295571626e+00
1.666504759645157652e+00
1.215613040226279917e+00
8.721603745438492039e-01
5.464699764045954922e-01
2.862343359733813819e-01
1.311344670006579227e-01
7.024241930497054920e-02
6.045401595338881218e-02
6.083938331472777544e-02
5.290248675563877234e-02
3.886654592995583690e-02
2.782807309175092808e-02
2.408078478770237993e-02
2.476397205569066604e-02
2.453780329339531538e-02
2.074915788479546330e-02
1.472074776632646687e-02
9.451300035304499927e-03
6.743722834199632719e-03
6.203981470874833822e-03
6.261629774468606760e-03
5.738321036624437210e-03
4.563018056581675391e-03
3.374492642677684711e-03
2.711433937432485008e-03
2.573042979785813457e-03
2.573931558409019334e-03
2.368219929956144609e-03
1.911506540865247870e-03
1.401235497576565694e-03
1.044800536933093282e-03
8.937797958900014009e-04
8.531671435120333647e-04
8.010378393500747901e-04
6.886476840501202807e-04
5.492833634202630867e-04
4.398365224810925518e-04
3.839981843636139803e-04
3.616373718730841319e-04
3.153247948178423661e-04
2.108397586785461936e-04
1.447699051957443384e-04
1.189014345036006125e-04
8.714480714403172396e-05
5.745554843066698043e-05
3.224958466024350015e-05
1.834546993883213274e-05
8.451324396819405129e-06
2.962017578793777655e-06
1.171540256887365741e-06
5.019357464599468120e-07
2.695361883681564179e-07
1.866974744416603360e-07
1.368018505188010576e-07
1.050397283185587407e-07
8.312311105794965477e-08
6.732493586838257628e-08
5.544581935092847398e-08
4.627329569546328835e-08
3.903637024398282950e-08
3.323199625187689500e-08
2.851255799939200571e-08
2.463713930381656230e-08
2.142054284551000513e-08
1.873041268899183458e-08
1.646233752379124850e-08
1.453890311350627211e-08
1.289638453929013639e-08
1.148432232683164528e-08
1.026337983436795581e-08
9.208117600928357936e-09
8.288416793602237745e-09
7.486494827952556006e-09
6.780995543695031552e-09
6.155190581417947442e-09
5.603532808035135740e-09
5.111717317684098038e-09
4.678216563267381598e-09
4.288405939758726086e-09
3.939881601094976550e-09
3.624739558016965735e-09
3.339260136690665962e-09
3.083579809744843316e-09
2.851589584209432247e-09
2.641875848706076007e-09
2.451984903705046556e-09
2.281045893812189849e-09
2.127740081209475244e-09
1.986470169348638487e-09
1.856034030271834930e-09
1.732490413736343443e-09
1.620095541900500401e-09
1.517725200142575963e-09
1.427542784094302900e-09
1.341020714361533993e-09
1.254576601952507078e-09
1.180358538173080582e-09
1.114489058472844155e-09
1.054247969315076677e-09
9.925109120560856656e-10
9.371701757604023579e-10
8.883785640796197118e-10
-5.328300892419759842e-04
-1.414328691040101123e-02
-1.234325383508142956e-02
-2.392733152736259590e-03
6.088834092416370129e-03
7.986812932785969377e-03
4.515684139321031118e-03
6.685031284011020672e-05
-2.009936842902539794e-03
-1.426221012022563369e-03
-2.251577050246214329e-05
4.571485237807803529e-04
-2.505829790427122517e-04
-1.205956835613901639e-03
-1.451762135686369580e-03
-8.560731877954081857e-04
-1.876292487320305527e-05
4.085798689771262104e-04
2.606044202222319579e-04
-1.464324714649753196e-04
-4.031731930718407929e-04
-3.551211014802958094e-04
-1.423439788867307228e-04
7.765885431809551562e-06
-6.829467598022004212e-06
-1.179601471080693670e-04
-1.950407434446002099e-04
-1.715288440375912582e-04
-8.160047791052723785e-05
-4.184122396501782977e-06
1.278349576096003768e-05
-1.894199802913505053e-05
-5.504133208062205135e-05
-6.307930954422004649e-05
-4.376323772058981630e-05
-1.945980931778242915e-05
-9.355912079233121205e-06
-1.512547745887559790e-05
-2.510985936280235418e-05
-2.782265199027128023e-05
-1.608210688401131184e-05
-4.580673080100163133e-06
-8.312254210030082098e-06
-7.231911826331722319e-06
-3.356898691274524238e-06
-3.464289418681153787e-06
-1.392836760250672171e-06
-1.008889896767023244e-06
-4.207023179858362257e-07
-1.369589452467238244e-07
-4.533311726428015642e-08
-1.571238382458705227e-08
-6.789685353367535527e-09
-4.080189398026423123e-09
-2.672253818071717303e-09
-1.888947939696432678e-09
-1.405444292407154044e-09
-1.088164093442315753e-09
-8.652216661386150538e-10
-7.023619823365399432e-10
-5.790497823917122289e-10
-4.835011233450055496e-10
-4.079820154308765227e-10
-3.473992292695358700e-10
-2.981615057617494538e-10
-2.577163325273395234e-10
-2.241693404908464876e-10
-1.961132225872328043e-10
-1.724701665551411287e-10
-1.524102352007216895e-10
-1.352786917131600441e-10
-1.205700403205452059e-10
-1.078636108259630862e-10
-9.684095275045969353e-11
-8.723382784134986544e-11
-7.882317787803426546e-11
-7.143783495718179531e-11
-6.491431394205246418e-11
-5.914530780447110153e-11
-5.401404768344376349e-11
-4.944769788121120654e-11
-4.536726632551672809e-11
-4.170941482882523015e-11
-3.842487585573427791e-11
-3.546447302279474857e-11
-3.279102772145652807e-11
-3.037109154297618251e-11
-2.817309987499096716e-11
-2.617516387306081837e-11
-2.435393280138468804e-11
-2.269752227080834151e-11
-2.118151218523326091e-11
-1.979622650877592581e-11
-1.852001097330790686e-11
-1.734855778776330847e-11
-1.627283917102852563e-11
-1.527987034171624398e-11
-1.436735187700619575e-11
-1.351458867445101109e-11
-1.273310814264200247e-11
-1.200250732056460706e-11
-1.132984591276548691e-11
-1.070319623206962039e-11
3.221657807131612906e-04
4.677877536398603693e-04
3.021307466111128413e-04
1.224521482305263227e-04
2.541394821919210631e-04
6.308609009917436842e-04
9.035246784091090048e-04
8.298775905955307289e-04
5.022379430887778575e-04
2.188861713688965897e-04
1.840638432594788893e-04
3.454401502803284099e-04
4.914224746616199443e-04
4.704067296602454005e-04
3.108875131811967359e-04
1.575819582567135704e-04
1.202409651259748943e-04
1.865461977088306972e-04
2.598746750615585181e-04
2.604464085285730646e-04
1.884326790476699150e-04
1.046022761551759826e-04
6.520902847521783518e-05
7.705380516402527845e-05
1.049735235817090618e-04
1.117773485405661432e-04
8.904455756021662080e-05
5.594500216411891445e-05
3.582086695263279029e-05
3.585792251324454520e-05
4.556957652776634033e-05
5.006151859210367485e-05
4.315385515027276284e-05
2.981465101112018765e-05
1.901394594778726640e-05
1.547543370932925047e-05
1.720866597204748626e-05
1.905942799136400013e-05
1.767137577654788645e-05
1.352364143232872581e-05
8.275225290764831821e-06
7.421166175106065467e-06
6.774697414857560566e-06
3.912285120245302463e-06
2.902071858461729421e-06
2.196644488141509436e-06
1.159870189679678580e-06
6.467058168570207512e-07
2.913913205185895043e-07
9.552990142516466143e-08
3.297057519566962493e-08
1.183472974277082738e-08
5.317124436005480164e-09
3.235044335583322396e-09
2.143717647401742349e-09
1.518817797192099072e-09
1.134238936071580136e-09
8.791068211972064971e-10
7.004030760034513833e-10
5.694288730891475622e-10
4.702944783933597938e-10
3.933466504962660350e-10
3.324644782550796709e-10
2.835438364521444209e-10
2.437285736498246283e-10
2.109699278646321060e-10
1.837605316981362463e-10
1.609703839624674839e-10
1.417372875008239571e-10
1.253944807542191667e-10
1.114214617452368164e-10
9.940782906585890822e-11
8.902350786383556567e-11
8.000409437058101774e-11
7.213321043323693691e-11
6.523503947144183007e-11
5.916657502348207558e-11
5.380787691568201818e-11
4.906052125665443394e-11
4.483911084531641215e-11
4.107391336595155019e-11
3.770516569904436983e-11
3.468286402730845248e-11
3.196567123539032407e-11
2.951621779320520842e-11
2.730326354386907034e-11
2.529987125095512949e-11
2.348278438322605101e-11
2.183128415988935804e-11
2.032595349056185895e-11
1.895048973154456638e-11
1.769070565682721048e-11
1.653638789324616802e-11
1.547759084785277300e-11
1.450523377483351954e-11
1.360831922835361505e-11
1.277942654088883843e-11
1.201601645266833794e-11
1.131168326420947010e-11
1.065962044613427887e-11
1.005320840653818825e-11
9.490924818989144325e-12
8.969364302024770644e-12
1.976832870578035912e-06
2.007976315175568157e-06
2.079588280650383882e-06
2.203662622395679910e-06
2.254020545752467464e-06
2.143517951697522631e-06
1.926200349997320069e-06
1.726705074660115122e-06
1.613566068343029331e-06
1.555222409146508989e-06
1.479013318955352764e-06
1.351431221169521105e-06
1.200390260665699506e-06
1.074503867767055876e-06
9.933234611804664690e-07
9.363707996831677529e-07
8.710967753167305660e-07
7.848423364264419490e-07
6.913029569745735359e-07
6.122003684108151096e-07
5.564987488674674035e-07
5.158403234305571695e-07
4.758989537406085847e-07
4.297460408312594750e-07
3.813369539451059790e-07
3.388753679560361911e-07
3.064467499663278570e-07
2.814385705655575577e-07
2.582995885506795360e-07
2.337274586058272456e-07
2.085723756162241257e-07
1.858077549977882414e-07
1.673525909003989327e-07
1.526700028539815396e-07
1.397652625221037554e-07
1.270728740241354977e-07
1.144495029776248235e-07
1.027444480881940174e-07
9.272117493194998160e-08
8.438752170148749812e-08
7.375187740862511967e-08
6.080499752544514607e-08
5.007534832144059452e-08
4.190368051084706582e-08
3.505169792638191627e-08
2.701425249326191476e-08
1.938466394113882351e-08
1.415657016698222322e-08
9.274437144290224107e-09
5.530245081428778741e-09
3.524235654934482748e-09
2.299110343022641414e-09
1.631645260984596210e-09
1.286105494352259377e-09
1.030661590416077107e-09
8.377760440806828789e-10
6.894366634659485567e-10
5.735264382382273520e-10
4.816882197322134594e-10
4.080242626875068702e-10
3.482887823985807794e-10
2.993725892980662985e-10
2.589608351309420195e-10
2.253036259435298524e-10
1.970675662796209371e-10
1.732187453684748061e-10
1.529503595506541140e-10
1.356250369136998579e-10
1.207366579068025276e-10
1.078795451295995135e-10
9.672535212583195915e-11
8.700465374840910853e-11
7.850042929180314355e-11
7.103054646267086537e-11
6.444649431788791326e-11
5.862373081245330299e-11
5.345586261068390828e-11
4.885663654965898040e-11
4.474947647972677787e-11
4.107384054546622520e-11
3.777414878215522605e-11
3.480506238294214000e-11
3.212730822834352476e-11
2.970571849530718498e-11
2.751281667948683645e-11
2.552303732455495172e-11
2.371425550442088193e-11
2.206662842934642613e-11
2.056220818595716119e-11
1.918669862822974310e-11
1.792607890417682070e-11
1.676987758963747332e-11
1.570631501815089083e-11
1.472679210856951693e-11
1.382216059440217202e-11
1.298830450844445148e-11
1.221985427990230036e-11
1.150653752766975102e-11
1.084510723460458517e-11
1.023159706729061052e-11
9.664412930572314400e-12
9.135783790303704290e-12
8.642218491891361558e-12
2.037642011259812338e-07
1.575113218190180073e-07
1.185543763402876827e-07
9.058758995759799249e-08
7.179353093759268395e-08
5.857510720897156238e-08
4.877755676400512920e-08
4.120356887189828516e-08
3.518805707865073359e-08
3.033985208383984870e-08
2.640261246524760018e-08
2.318805079533635759e-08
2.054689258326323856e-08
1.835716776118492108e-08
1.652017662747398852e-08
1.495843881496121732e-08
1.361334733288216220e-08
1.244203844216377364e-08
1.141421730435753646e-08
1.050705055225711760e-08
9.704185186506674044e-09
8.991772500590630771e-09
8.358301173771687184e-09
7.793065178347488649e-09
7.286787763630581084e-09
6.831168184275547958e-09
6.419064651647669534e-09
6.044926503688158729e-09
5.703671417698120271e-09
5.391227635223604409e-09
5.104686406039696640e-09
4.841118736285036846e-09
4.598189580058362980e-09
4.373894285041207285e-09
4.166512048925653839e-09
3.974745128612632999e-09
3.796652380650195776e-09
3.631083525879910196e-09
3.476961629132790441e-09
3.332917994914111321e-09
3.134927085168216473e-09
2.897353185832054930e-09
2.687277181641053233e-09
2.500697339491090361e-09
2.334166046152392539e-09
2.117548942398137864e-09
1.873457076456470009e-09
1.671746280268143949e-09
1.431702207102966426e-09
1.185736364134055555e-09
1.001751718779054108e-09
8.489195105554682109e-10
7.416678242452398912e-10
6.733950590713801486e-10
6.148281630562368472e-10
5.640636816983627552e-10
5.197401484849927061e-10
4.808185624615381250e-10
4.463819935904233953e-10
4.157834048603447761e-10
3.883828374920856721e-10
3.638325478856597767e-10
3.416673633011004420e-10
3.216062411894917590e-10
3.033735905549987186e-10
2.867737430005331998e-10
2.715248343353049979e-10
2.575994893095207780e-10
2.447838246531463006e-10
2.329388199496769581e-10
2.219749801614686954e-10
2.118439133433482409e-10
2.024350527443908848e-10
1.936730969116172891e-10
1.855047809371334653e-10
1.778740375853957966e-10
1.707338862669767002e-10
1.640421239982088903e-10
1.577609017173172783e-10
1.518584402878060531e-10
1.463029609183869468e-10
1.410675919449901530e-10
1.361290059515559161e-10
1.314654140929696870e-10
1.270197470962339151e-10
1.228305625693690228e-10
1.188684858047033721e-10
1.151111994767974043e-10
1.115477113321675538e-10
1.081096151021234012e-10
1.048706198495517485e-10
1.017995302959947950e-10
9.887576926554125437e-11
9.601885525934795352e-11
9.335376693965072756e-11
9.081557364967947905e-11
8.832772977549937069e-11
8.598584218970404650e-11
8.376947053260965693e-11
8.156793058499804250e-11
7.951824530132411469e-11
7.755677138927873651e-11
7.560717025716545627e-11
