3.489416456689729884e+00
1.665639279361598613e+00
1.215480532511781231e+00
8.730725821175979728e-01
5.475716660782274925e-01
2.867285069384466478e-01
1.308659198574922966e-01
6.967786501732060878e-02
6.015496061507283332e-02
6.095374392402404945e-02
5.314780499569938393e-02
3.891131518278893864e-02
2.764193967358017506e-02
2.391795184302247107e-02
2.486673463120561700e-02
2.489154697257707147e-02
2.111045088387722077e-02
1.485647900516527328e-02
9.335246063999595723e-03
6.544158551980596220e-03
6.107578701831523245e-03
6.316459633435024881e-03
5.848315874222151031e-03
4.606926455356271689e-03
3.320063813304495199e-03
2.626035578528667334e-03
2.543545376652518123e-03
2.624886443407600453e-03
2.450335847044108131e-03
1.956368861472527858e-03
1.381797221996672711e-03
9.889205149386502171e-04
8.495881503254810920e-04
8.456724205076829315e-04
8.181886127999912729e-04
7.013486595108096465e-04
5.405005337927966044e-04
4.162545773469402918e-04
3.646459855147401573e-04
3.586309362630191264e-04
3.244090028655434725e-04
2.036558913592040180e-04
1.334705978547307361e-04
1.181768322876207818e-04
8.356345568289401914e-05
5.459833474322469738e-05
2.966491208536477394e-05
1.693929489078467148e-05
7.432301731107856523e-06
2.441440556162848630e-06
9.196076151626515460e-07
3.824726130806389780e-07
2.059645928514593899e-07
1.483936696459678551e-07
1.118612421810394249e-07
8.907817437279921904e-08
7.219679545456911711e-08
5.981557785051851287e-08
5.003448388438728718e-08
4.231991166530682526e-08
3.605577702654242636e-08
3.094904747583749346e-08
2.673632867126439656e-08
2.323657373407221760e-08
2.030174376211254695e-08
1.782439712886791237e-08
1.572232326179010114e-08
1.392822796289210922e-08
1.238940057908240021e-08
1.106353830095861373e-08
9.914516357834849909e-09
8.912391276173821469e-09
8.035102728935487679e-09
7.266125986463731884e-09
6.590444832729299441e-09
5.994178555142564940e-09
5.465758532085573188e-09
4.995109611882383746e-09
4.573960286261533276e-09
4.196668895846649843e-09
3.859177502773970382e-09
3.556676260773388284e-09
3.283971307940170170e-09
3.036923735390297815e-09
2.812402404574159758e-09
2.607935518116971199e-09
2.422067746571170303e-09
2.253586464068230816e-09
2.100511069023305486e-09
1.960308196148008972e-09
1.831104685736452650e-09
1.711999691023830340e-09
1.602493675181932842e-09
1.502136349665675537e-09
1.410355542760279849e-09
1.325988295081998872e-09
1.247580996615141215e-09
1.174313498659598206e-09
1.106221100289830304e-09
1.043425511644787892e-09
9.857331041881809009e-10
9.325192224503749555e-10
8.828243584036176650e-10
-5.398610485974881081e-04
-1.416477101503539268e-02
-1.238113854946681566e-02
-2.420530357551128626e-03
6.108600658541009538e-03
8.046870025802916465e-03
4.566261214572552712e-03
6.635390301059574856e-05
-2.050271903586831871e-03
-1.455997155844810254e-03
-7.608486562222343013e-06
4.983401155303909206e-04
-2.327293461339760420e-04
-1.238940624716101556e-03
-1.511829683371469345e-03
-8.924335558208782403e-04
-2.957609638001649050e-06
4.580145832101999376e-04
2.983735314010703887e-04
-1.489047215930751106e-04
-4.355938411563772599e-04
-3.834239509721862295e-04
-1.427849215828044479e-04
2.933569044388164985e-05
1.162713904451997129e-05
-1.211745507132018908e-04
-2.162248810993567193e-04
-1.913599005972035515e-04
-8.443512039253670649e-05
9.098920379157280204e-06
2.838323602048304701e-05
-1.384987577753248373e-05
-6.194053513921891462e-05
-7.335725525611829423e-05
-4.811273156059365434e-05
-1.579514870736622523e-05
-2.917516146926959755e-06
-1.240275995365819538e-05
-2.805682888442101073e-05
-3.315243501392982307e-05
-1.699773131877097977e-05
-1.425863225678567501e-06
-9.155929447290930899e-06
-8.100224002299538379e-06
-2.219848996541803963e-06
-3.823075236576595903e-06
-1.024357871918509030e-06
-1.027352792782686780e-06
-3.763346948895043601e-07
-1.235835270271477317e-07
-3.493070162059491898e-08
-1.085591145507744185e-08
-4.704397793404594221e-09
-2.807037232492208459e-09
-1.914691297884673491e-09
-1.424869258088752122e-09
-1.112934148958759812e-09
-9.005141055927342705e-10
-7.389704586969055351e-10
-6.159376851909633000e-10
-5.173049533360764739e-10
-4.386218777101551814e-10
-3.743546157773977168e-10
-3.218175613149775697e-10
-2.783102515030994841e-10
-2.421240403451334001e-10
-2.117468058838803826e-10
-1.861274287570412247e-10
-1.643827966519413824e-10
-1.458119133809411233e-10
-1.298515351061356835e-10
-1.160675124942374478e-10
-1.041054607044237584e-10
-9.368055867260268848e-11
-8.456141141560285955e-11
-7.655546156990704889e-11
-6.949908888679174138e-11
-6.325933167704413068e-11
-5.772015145143852263e-11
-5.279226381331634855e-11
-4.839512954847813968e-11
-4.446253787811494860e-11
-4.093198950886125881e-11
-3.775353554105051905e-11
-3.488265287181478015e-11
-3.228511242209441595e-11
-2.992963440133955689e-11
-2.779145586299596752e-11
-2.584486724556259762e-11
-2.406863302076738378e-11
-2.244327477901947404e-11
-2.095469554651931508e-11
-1.959029414563617364e-11
-1.833966698674066943e-11
-1.719147827066523309e-11
-1.613544950870360611e-11
-1.516063017911269222e-11
-1.425977278235314443e-11
-1.342566090855225113e-11
-1.265483786112636340e-11
-1.193803054139110009e-11
-1.127360552618996061e-11
-1.065077612865091326e-11
3.205569864798954362e-04
4.664319038891408427e-04
3.004752292221464982e-04
1.193432981807382106e-04
2.503501291785020831e-04
6.296997848028128546e-04
9.071609529316699422e-04
8.355329093649751897e-04
5.039081099269158374e-04
2.141469915925530961e-04
1.776664963111387148e-04
3.448060434268565848e-04
4.988275224473321138e-04
4.799862350878440569e-04
3.142501140264816924e-04
1.524339470157836589e-04
1.128058329027532657e-04
1.853408970810387232e-04
2.673858140418752241e-04
2.709290543447978074e-04
1.937167167331336993e-04
1.017894101851575116e-04
5.877322784829756966e-05
7.403315738419856992e-05
1.083620592634341025e-04
1.183957810505274842e-04
9.322532838194698998e-05
5.491409149684653364e-05
3.173045163940525965e-05
3.316718046206151610e-05
4.681845202689198260e-05
5.399068580898939442e-05
4.640808197650825729e-05
3.013549577087761363e-05
1.692752044272876466e-05
1.332223561002809218e-05
1.685079885740477002e-05
2.045149719013809766e-05
1.931087044130478519e-05
1.401098612276892003e-05
7.269049404926871149e-06
7.368726161746029978e-06
7.384985006250583314e-06
3.514381817932123522e-06
2.649939866977907387e-06
2.230500361726762746e-06
1.105899956732331685e-06
5.772384200902896741e-07
2.689213713510489923e-07
8.244379758283921367e-08
2.579007592900379516e-08
8.592651659696737440e-09
3.799670136940976260e-09
2.337260972920092558e-09
1.604497875984910861e-09
1.184775564422195017e-09
9.239427906857635779e-10
7.412567810699369358e-10
6.079024125585506185e-10
5.049718291286738425e-10
4.242568268196426258e-10
3.594858539827612088e-10
3.070255979008979501e-10
2.640346654597646297e-10
2.285290395767100186e-10
1.989596552137283920e-10
1.741586610812875739e-10
1.532125609842846074e-10
1.354133718916207368e-10
1.202010040684230300e-10
1.071273359489809566e-10
9.583123267939753944e-11
8.602327518257919605e-11
7.746991561997039679e-11
6.998134288483888769e-11
6.340080219818060319e-11
5.759724484866243383e-11
5.246083622879134305e-11
4.789998371964412848e-11
4.383776952018870866e-11
4.020934558338166321e-11
3.695879094950989147e-11
3.403831904250726570e-11
3.140706155067667550e-11
2.903060800528206286e-11
2.687939728782967510e-11
2.492797101094766738e-11
2.315395921160620022e-11
2.153780554485870307e-11
2.006239080495112526e-11
1.871318926880389310e-11
1.747766728822679473e-11
1.634490365721189094e-11
1.530497598984128321e-11
1.434884165484494167e-11
1.346825004042203623e-11
1.265598574206994472e-11
1.190576193187896590e-11
1.121221218905353121e-11
1.057000067898218639e-11
9.974155312707801363e-12
9.419467977103937616e-12
8.902172815946821052e-12
1.794917479171927514e-07
1.802123361952343451e-07
1.748024936692089621e-07
1.692616846479420244e-07
1.695947737174908796e-07
1.731965104227958686e-07
1.723428599219258946e-07
1.627321187841738205e-07
1.475572192457685182e-07
1.338848058792851476e-07
1.259942338875619200e-07
1.222956370581896337e-07
1.179695187036637159e-07
1.098977467256824686e-07
9.908267060321809534e-08
8.895798622459335062e-08
8.193700461885974368e-08
7.757832011358254326e-08
7.360094550427621863e-08
6.824051986689140733e-08
6.163166241494050033e-08
5.526241891138496817e-08
5.041151682067961444e-08
4.712553432183559290e-08
4.446282299751730573e-08
4.149315254511808710e-08
3.803696819185807267e-08
3.459912275589460774e-08
3.175795659380544452e-08
2.965309508896549312e-08
2.796734242454636781e-08
2.628821168901623909e-08
2.445371511318013902e-08
2.260479493193777305e-08
2.097971315469282753e-08
1.968560823326489552e-08
1.863738817521031163e-08
1.766744240556307157e-08
1.667174405818113122e-08
1.566587589716572314e-08
1.432881247239599059e-08
1.292540991544763589e-08
1.169063848052162125e-08
1.053145883651231718e-08
9.567187404246479661e-09
8.327592191340927002e-09
6.927538792592267027e-09
5.788272522630413634e-09
4.467565506203561279e-09
3.177958760936930432e-09
2.296506329075159499e-09
1.654032590895552553e-09
1.262139289528590480e-09
1.040608573786805989e-09
8.645853407554038066e-10
7.226750329965802814e-10
6.076362321329978511e-10
5.140216243537969415e-10
4.375178638260889078e-10
3.746288619771953077e-10
3.226075269306470176e-10
2.793159611835031553e-10
2.430913026278404501e-10
2.126132521903281001e-10
1.868253937457056349e-10
1.648806578346354629e-10
1.461060215628638080e-10
1.299652803378663743e-10
1.160264240129465812e-10
1.039382418555815271e-10
9.341091223758319056e-11
8.420342874200656689e-11
7.611848340944540875e-11
6.899529642046937892e-11
6.270152450922417390e-11
5.712395151608295869e-11
5.216490000681930484e-11
4.774223910944351213e-11
4.378730350077881219e-11
4.024181910318663067e-11
3.705506913125755212e-11
3.418280178553255327e-11
3.158736781526076829e-11
2.923699564236827317e-11
2.710459655218737681e-11
2.516639762727999343e-11
2.340113917519993589e-11
2.178993044791700421e-11
2.031634153246412031e-11
1.896642095069589520e-11
1.772826356175718723e-11
1.659132552215777469e-11
1.554605288470825779e-11
1.458355925066005871e-11
1.369574886099504164e-11
1.287559897762576045e-11
1.211719081453467776e-11
1.141544857610751545e-11
1.076584351058591669e-11
1.016381168165031184e-11
9.604616480363559764e-12
9.082866859268809027e-12
8.594198775040173970e-12
2.039784247017158206e-07
1.576406655971682906e-07
1.186506528739234273e-07
9.065279049828197125e-08
7.184320509384862277e-08
5.861158080605677631e-08
4.880850161760232117e-08
4.122452505547665219e-08
3.519948829840277864e-08
3.034919129853843712e-08
2.641042092734921131e-08
2.319484916711129403e-08
2.055280688978103897e-08
1.836211080225388006e-08
1.652409223261035409e-08
1.496148775098459629e-08
1.361592646554899028e-08
1.244462356512921434e-08
1.141669913336553831e-08
1.050968154022655472e-08
9.706598390194574414e-09
8.993846400730402143e-09
8.359827809084598542e-09
7.794234919279502810e-09
7.287781270373810266e-09
6.832202260075332350e-09
6.420337952213493906e-09
6.046181677150556701e-09
5.704832630133575986e-09
5.392346617027869473e-09
5.105533084068571303e-09
4.841755836924314713e-09
4.598758384394833518e-09
4.374545472951774824e-09
4.167312881066531282e-09
3.975414747702432943e-09
3.797353663187019461e-09
3.631779641409866585e-09
3.477486702819675008e-09
3.333406817534066926e-09
3.135427759548232152e-09
2.897900635626409120e-09
2.687807172543185874e-09
2.501160402765726559e-09
2.334628146848878268e-09
2.118080843175303810e-09
1.873942756834376212e-09
1.672260984441324403e-09
1.432202031834794776e-09
1.186265196656542581e-09
1.002281902514221430e-09
8.494456853434250290e-10
7.421615503284150298e-10
6.739259457184921800e-10
6.153147762379741076e-10
5.645419223586725003e-10
5.202240786539948187e-10
4.812757058876719301e-10
4.468344835593442149e-10
4.162077478929652283e-10
3.888334203706963642e-10
3.642513817219900685e-10
3.420817209684143938e-10
3.220082490890141193e-10
3.037659621450541953e-10
2.871313267894294572e-10
2.719145764960221627e-10
2.579536774034019693e-10
2.451096219547612812e-10
2.332624538327584643e-10
2.223081717508210790e-10
2.121565441062297292e-10
2.027285561610837574e-10
1.939544073159621117e-10
1.857734294012016778e-10
1.781313563480932832e-10
1.709798944128715549e-10
1.642786458834374892e-10
1.579883674551425186e-10
1.520724101536445141e-10
1.465026958482190432e-10
1.412542435752940124e-10
1.363021229360041134e-10
1.316214150363430101e-10
1.271889327644746414e-10
1.229882001770398652e-10
1.190055579096373093e-10
1.152274098978331551e-10
1.116401613992526790e-10
1.082302170142206952e-10
1.049839834673867221e-10
1.018879880362816134e-10
9.893133912141221829e-11
9.610717609848216216e-11
9.340928630927548196e-11
9.083145600156883698e-11
8.836747219399618958e-11
8.601112182992543341e-11
8.375619332647005088e-11
8.159647307857709907e-11
7.952574914556678286e-11
7.753780925673397876e-11
7.562644462084660341e-11
