3.491761277164679544e+00
1.667028319714063178e+00
1.215700296157119720e+00
8.722505977253265375e-01
5.465107477272614922e-01
2.862402082039636197e-01
1.311330885459283668e-01
7.024337137681997689e-02
6.046064925372533760e-02
6.084725181683516004e-02
5.290717175049539089e-02
3.886533334657408384e-02
2.782459036385157014e-02
2.407873111169068006e-02
2.476342093973296632e-02
2.453765785290262097e-02
2.074806387002661734e-02
1.471914498423088080e-02
9.449634591269132772e-03
6.742226725651117789e-03
6.202751653708120892e-03
6.260594676853450426e-03
5.737446390465095365e-03
4.562275952727970485e-03
3.373947684636755678e-03
2.711100561560395982e-03
2.572876507081529526e-03
2.573852028500721485e-03
2.368149711965403682e-03
1.911417694791188449e-03
1.401146956585334630e-03
1.044700005333464542e-03
8.936820944526145932e-04
8.530684014267984980e-04
8.009471949093957934e-04
6.885768497370147899e-04
5.492312516475136592e-04
4.397995332985135263e-04
3.839666944357849883e-04
3.616061900742543436e-04
3.152985313305837404e-04
2.108235150124863357e-04
1.447509510217149056e-04
1.188806183421427069e-04
8.713008101875328491e-05
5.744530726931833654e-05
3.224555530523845167e-05
1.834325791411483967e-05
8.450422363840105419e-06
2.961873524366919913e-06
1.171641772368544085e-06
5.020509521626705448e-07
2.696559418489057243e-07
1.867958381744421426e-07
1.368803338064996239e-07
1.051137633489815295e-07
8.319466050801034838e-08
6.738694391801200357e-08
5.549914383319753967e-08
4.632014376660057441e-08
3.907404764192964461e-08
3.326300169823762257e-08
2.854458800408670520e-08
2.466792361185533293e-08
2.144808259918515868e-08
1.875224961561480911e-08
1.648060949873682248e-08
1.455343146111074532e-08
1.290874082565834859e-08
1.149811120339791287e-08
1.028033925520415043e-08
9.221604013184750367e-09
8.297669860517893383e-09
7.490189048244747006e-09
6.782177373896175277e-09
6.158496647819110138e-09
5.606868364737213148e-09
5.116534713034844607e-09
4.678402316289105118e-09
4.286509076236432389e-09
3.936652234004687666e-09
3.623768006029942736e-09
3.342255776465343314e-09
3.087661735419840939e-09
2.856638162583518157e-09
2.646521916091510342e-09
2.455722810306664991e-09
2.283114372343958350e-09
2.126600897350182696e-09
1.983372794614869762e-09
1.851431900580898619e-09
1.729876888126853874e-09
1.618172221018421432e-09
1.515894426789643707e-09
1.422502249920175099e-09
1.336770223641621571e-09
1.257076411194363500e-09
1.182525423216050012e-09
1.113177915128654289e-09
1.049206651885078551e-09
9.903980922967813114e-10
9.361992262050155141e-10
8.857388069371627326e-10
-5.435980870064200353e-04
-1.415310463635862173e-02
-1.234670405463785675e-02
-2.393830955047530212e-03
6.089546014842192947e-03
7.987895765990807306e-03
4.516649527564550390e-03
6.704182034752193843e-05
-2.010427592340523813e-03
-1.426735943350749668e-03
-2.249968789609540476e-05
4.574932573289206016e-04
-2.504131452209323958e-04
-1.206288633935606938e-03
-1.452253978637309132e-03
-8.564099843304934494e-04
-1.891813727390650332e-05
4.087036947286301538e-04
2.606709561426782257e-04
-1.463853287367561482e-04
-4.031858960798808929e-04
-3.551469159976903276e-04
-1.423663265740299970e-04
7.746997715914693915e-06
-6.854152127192049515e-06
-1.179888393283293278e-04
-1.950705454909043872e-04
-1.715521451022462721e-04
-8.161274162596446064e-05
-4.185756492785232525e-06
1.278795753487830340e-05
-1.893663957187316366e-05
-5.503826118798592972e-05
-6.307990939718601084e-05
-4.376697708426234291e-05
-1.946470727276038008e-05
-9.359561391956326831e-06
-1.512666323077300245e-05
-2.511014946272159288e-05
-2.782382843656251175e-05
-1.608498057108669730e-05
-4.581859133084634691e-06
-8.311160237644600341e-06
-7.232156880239462403e-06
-3.357367197500707165e-06
-3.463696651330450635e-06
-1.392903815937123167e-06
-1.008830986311974243e-06
-4.206863632349489194e-07
-1.369507021243653453e-07
-4.533558098459484492e-08
-1.571437771050253084e-08
-6.791283242228900718e-09
-4.081701436970893426e-09
-2.673586105148543013e-09
-1.890084154199997391e-09
-1.406425016623740131e-09
-1.089025014504161817e-09
-8.659802373825242386e-10
-7.030209387918544989e-10
-5.796351444792235879e-10
-4.840251383506975987e-10
-4.084461299635252618e-10
-3.478034647333873395e-10
-2.985268089548849637e-10
-2.580441104440934985e-10
-2.244622635751240368e-10
-1.963763389680672203e-10
-1.727107931185096521e-10
-1.526252560262871750e-10
-1.354712443686046760e-10
-1.207421513385173542e-10
-1.080266082834386010e-10
-9.699072257642358470e-11
-8.737000132173587852e-11
-7.894904185056749484e-11
-7.154687230715487498e-11
-6.501568639495219812e-11
-5.923560842313747458e-11
-5.410278987464617497e-11
-4.952733707085095656e-11
-4.543670340394978459e-11
-4.177130005302856103e-11
-3.847814676796335521e-11
-3.551131408120312960e-11
-3.283314988154945577e-11
-3.040967839002701618e-11
-2.820992717197222444e-11
-2.620879874930513804e-11
-2.438658650482826595e-11
-2.272463490105699816e-11
-2.120546311603462654e-11
-1.981447850481077030e-11
-1.853874975205693181e-11
-1.736583071105578681e-11
-1.628550030769286350e-11
-1.529016743336073308e-11
-1.437215953949448206e-11
-1.352347951255226643e-11
-1.273737868939883717e-11
-1.200860041035421128e-11
-1.133199983190328718e-11
-1.070322441403386329e-11
3.222702436797717711e-04
4.678853576492545828e-04
3.021742634262040788e-04
1.224302207979969972e-04
2.541241872382860685e-04
6.308998025737659957e-04
9.036471560793155316e-04
8.300753867587670450e-04
5.023340270750373130e-04
2.188788565876056296e-04
1.841045925152903426e-04
3.455167688241054841e-04
4.915331786284379400e-04
4.705386375388403509e-04
3.109677141987710796e-04
1.575937391497936519e-04
1.202242967443066372e-04
1.865291060837330549e-04
2.598798535947151171e-04
2.604634030375190521e-04
1.884390338398144035e-04
1.046057565972062650e-04
6.520621416729349045e-05
7.705089137999350155e-05
1.049737817504230484e-04
1.117808831331248471e-04
8.904935690998346811e-05
5.594773512912977514e-05
3.582145300478163712e-05
3.585736766280888147e-05
4.556960061391614945e-05
5.006282213616274654e-05
4.315639904469290364e-05
2.981700821301954801e-05
1.901527889807091124e-05
1.547553867235885482e-05
1.720804304257388123e-05
1.905898898606943684e-05
1.767170078071009356e-05
1.352443029175571553e-05
8.275585074268248427e-06
7.420449033776058809e-06
6.774315147893619421e-06
3.912223648134933004e-06
2.901462065123763387e-06
2.196207450051486856e-06
1.159665957428207718e-06
6.466348233843412920e-07
2.913417253037170280e-07
9.551399271225358244e-08
3.296778211786033109e-08
1.183447004908872861e-08
5.317690025460265704e-09
3.235804766002847679e-09
2.144478141782161466e-09
1.519523217337453688e-09
1.134880215753895450e-09
8.796832314536844394e-10
7.009167975866214726e-10
5.698853299585556291e-10
4.706999027490163830e-10
3.937087513412440425e-10
3.327900462017881087e-10
2.838366203414889655e-10
2.439914838277679742e-10
2.112046171352310031e-10
1.839694979473494823e-10
1.611564426849780970e-10
1.419037080894589538e-10
1.255445020761341055e-10
1.115565461263427495e-10
9.952695388168584031e-11
8.912696261642636385e-11
8.009260400648404478e-11
7.220956708320109993e-11
6.530200377471516632e-11
5.922470410483024506e-11
5.385744347689114850e-11
4.910050828128650216e-11
4.487093806136544822e-11
4.109914430778906158e-11
3.772593644364487502e-11
3.470053577665000911e-11
3.197947407588845981e-11
2.952580087369517485e-11
2.730814702765019582e-11
2.529964621734714246e-11
2.347692867588497123e-11
2.181936600420466353e-11
2.030871334480557810e-11
1.892910979436378456e-11
1.766700791875404914e-11
1.651076097026583248e-11
1.545006182701605720e-11
1.447551404728765690e-11
1.357845076494538358e-11
1.275105745666774715e-11
1.198659555361022301e-11
1.127943230599964180e-11
1.062474562455754222e-11
1.001808045376250040e-11
9.455144851396166986e-12
8.931891909412273426e-12
1.978635599850621890e-06
2.009219535443009662e-06
2.080791362685407894e-06
2.205061344511415020e-06
2.255554725748249038e-06
2.144996193083806139e-06
1.927482114777725632e-06
1.727796004212390663e-06
1.614580835924152975e-06
1.556232696733775370e-06
1.479977697639511257e-06
1.352285526658110683e-06
1.201105929838861239e-06
1.075107954459477191e-06
9.938733511270948829e-07
9.368988801679111979e-07
8.715921744058459200e-07
7.852806194451109667e-07
6.916749838168657324e-07
6.125200439926153905e-07
5.567879334750944979e-07
5.161100272046801905e-07
4.761480535314366405e-07
4.299680764433600603e-07
3.815289733915661619e-07
3.390413791624009090e-07
3.065943522835554017e-07
2.815738676022292532e-07
2.584240643010172774e-07
2.338393813190614155e-07
2.086700627700596107e-07
1.858920219849252834e-07
1.674264701719033422e-07
1.527365677386362524e-07
1.398259058108792488e-07
1.271273477064042349e-07
1.144972773565371929e-07
1.027858522686182323e-07
9.275736416869234043e-08
8.441969593320533091e-08
7.377919839828561737e-08
6.082650939051470513e-08
5.009204772889785229e-08
4.191686939302820958e-08
3.506237599692521810e-08
2.702195774868213019e-08
1.938988854878573886e-08
1.416028426708822253e-08
9.276937969055627616e-09
5.531927367320690872e-09
3.525516092963598913e-09
2.300133103821472018e-09
1.632502202639725216e-09
1.286862663216544028e-09
1.031333376712516401e-09
8.383706523200179397e-10
6.899632039662025660e-10
5.739945533236454117e-10
4.821047196841888063e-10
4.083949032088070804e-10
3.486196405349463159e-10
2.996675640952377760e-10
2.592226681923192079e-10
2.255374237589584741e-10
1.972759906386718005e-10
1.734047850858694706e-10
1.531161417176339293e-10
1.357732464545205082e-10
1.208692312329444201e-10
1.079973073318890098e-10
9.682891294008855158e-11
8.709671341052672421e-11
7.858136842454249069e-11
7.110195184390665745e-11
6.450867511503525460e-11
5.867677637090892205e-11
5.350167238285145895e-11
4.889544011080283175e-11
4.478385041053544958e-11
4.110369636448045109e-11
3.780087385167716045e-11
3.482919646422001408e-11
3.214921736477661461e-11
2.972699847102704221e-11
2.753310992776526999e-11
2.554184502253488648e-11
2.373066156041355835e-11
2.207984638441385396e-11
2.057233622135484466e-11
1.919335463828357132e-11
1.792993796356954036e-11
1.677058765958178778e-11
1.570509139806537326e-11
1.472432712968704898e-11
1.382013442052326271e-11
1.298530900017244611e-11
1.221351250910633196e-11
1.149908447423733429e-11
1.083689882905295612e-11
1.022235028291561451e-11
9.651352561845976736e-12
9.120280374191910178e-12
8.625879072692862678e-12
2.039784247017158206e-07
1.576406655971682906e-07
1.186506528739234273e-07
9.065279049828197125e-08
7.184320509384862277e-08
5.861158080605677631e-08
4.880850161760232117e-08
4.122452505547665219e-08
3.519948829840277864e-08
3.034919129853843712e-08
2.641042092734921131e-08
2.319484916711129403e-08
2.055280688978103897e-08
1.836211080225388006e-08
1.652409223261035409e-08
1.496148775098459629e-08
1.361592646554899028e-08
1.244462356512921434e-08
1.141669913336553831e-08
1.050968154022655472e-08
9.706598390194574414e-09
8.993846400730402143e-09
8.359827809084598542e-09
7.794234919279502810e-09
7.287781270373810266e-09
6.832202260075332350e-09
6.420337952213493906e-09
6.046181677150556701e-09
5.704832630133575986e-09
5.392346617027869473e-09
5.105533084068571303e-09
4.841755836924314713e-09
4.598758384394833518e-09
4.374545472951774824e-09
4.167312881066531282e-09
3.975414747702432943e-09
3.797353663187019461e-09
3.631779641409866585e-09
3.477486702819675008e-09
3.333406817534066926e-09
3.135427759548232152e-09
2.897900635626409120e-09
2.687807172543185874e-09
2.501160402765726559e-09
2.334628146848878268e-09
2.118080843175303810e-09
1.873942756834376212e-09
1.672260984441324403e-09
1.432202031834794776e-09
1.186265196656542581e-09
1.002281902514221430e-09
8.494456853434250290e-10
7.421615503284150298e-10
6.739259457184921800e-10
6.153147762379741076e-10
5.645419223586725003e-10
5.202240786539948187e-10
4.812757058876719301e-10
4.468344835593442149e-10
4.162077478929652283e-10
3.888334203706963642e-10
3.642513817219900685e-10
3.420817209684143938e-10
3.220082490890141193e-10
3.037659621450541953e-10
2.871313267894294572e-10
2.719145764960221627e-10
2.579536774034019693e-10
2.451096219547612812e-10
2.332624538327584643e-10
2.223081717508210790e-10
2.121565441062297292e-10
2.027285561610837574e-10
1.939544073159621117e-10
1.857734294012016778e-10
1.781313563480932832e-10
1.709798944128715549e-10
1.642786458834374892e-10
1.579883674551425186e-10
1.520724101536445141e-10
1.465026958482190432e-10
1.412542435752940124e-10
1.363021229360041134e-10
1.316214150363430101e-10
1.271889327644746414e-10
1.229882001770398652e-10
1.190055579096373093e-10
1.152274098978331551e-10
1.116401613992526790e-10
1.082302170142206952e-10
1.049839834673867221e-10
1.018879880362816134e-10
9.893133912141221829e-11
9.610717609848216216e-11
9.340928630927548196e-11
9.083145600156883698e-11
8.836747219399618958e-11
8.601112182992543341e-11
8.375619332647005088e-11
8.159647307857709907e-11
7.952574914556678286e-11
7.753780925673397876e-11
7.562644462084660341e-11
