3.489426496735923422e+00
1.665643395802379523e+00
1.215477280974017527e+00
8.730632408174880954e-01
5.475615518469402199e-01
2.867227046374233868e-01
1.308654518239757425e-01
6.967971636344634512e-02
6.015546161366681910e-02
6.095175294880102873e-02
5.314490865689174004e-02
3.890948946269664338e-02
2.764137658685233631e-02
2.391709241328840441e-02
2.486409922321038482e-02
2.488731306393645801e-02
2.110628818701513337e-02
1.485400741842314749e-02
9.334704905434754174e-03
6.544441889676303782e-03
6.107388397695805160e-03
6.315387121888303701e-03
5.846940060345967062e-03
4.606046385050565142e-03
3.319912148332220155e-03
2.626165276887897776e-03
2.543352885690267681e-03
2.624184365990691638e-03
2.449460303121689300e-03
1.955813093354303710e-03
1.381775196792241808e-03
9.892451841222596812e-04
8.499033946831043929e-04
8.457711868501492213e-04
8.181344104142387105e-04
7.013447868614735604e-04
5.406752246815492002e-04
4.165624327845838192e-04
3.649422921173776945e-04
3.588164660251432002e-04
3.245133045204537901e-04
2.039090413157199988e-04
1.337785146972459024e-04
1.184024211450255599e-04
8.380790791682465402e-05
5.482638939683955449e-05
2.987280161818554536e-05
1.711473321655853269e-05
7.569030967006966074e-06
2.534159778997367549e-06
9.803826499010596952e-07
4.201326755521120162e-07
2.297885753814632075e-07
1.650473712498997645e-07
1.236401267933658342e-07
9.752402059538767755e-08
7.836572957033510119e-08
6.440330416407191177e-08
5.350917661961678638e-08
4.499820691062367097e-08
3.815481386573093137e-08
3.261858656337630676e-08
2.808032973699208430e-08
2.432898301631579038e-08
2.119715251973966456e-08
1.856440761792053799e-08
1.633815910611724536e-08
1.444437623925054822e-08
1.282451909530042257e-08
1.143217395605100924e-08
1.022816734395459540e-08
9.180323521771212441e-09
8.265003552554855053e-09
7.464053728572967815e-09
6.761022232463228155e-09
6.141275490704700479e-09
5.592719157896097213e-09
5.104850145649956681e-09
4.668899503160497188e-09
4.278883743775548577e-09
3.930404281423335091e-09
3.618490919399169861e-09
3.337792103590536843e-09
3.083925377601458515e-09
2.853548111342444229e-09
2.644060093840405461e-09
2.453818411398287470e-09
2.281554518999762159e-09
2.125211663568423969e-09
1.982167501140820638e-09
1.850483350725772236e-09
1.729193519578421473e-09
1.617729429479509731e-09
1.515634551710413951e-09
1.422310757515403485e-09
1.336573542873495290e-09
1.256935785791118169e-09
1.182538840557333136e-09
1.113351932485411597e-09
1.049483398260342833e-09
9.907164047480971153e-10
9.365048399079505913e-10
8.860175716451622919e-10
-5.398635162584377103e-04
-1.416467818275337145e-02
-1.238094510898695919e-02
-2.420434371433054840e-03
6.108394171852647193e-03
8.046432949751682745e-03
4.565914132359251074e-03
6.634544323648530479e-05
-2.050020754427825387e-03
-1.455797769175271863e-03
-7.664376690023584556e-06
4.981479029683690213e-04
-2.327526242097362240e-04
-1.238636114619916630e-03
-1.511362457428755499e-03
-8.921388066598365859e-04
-3.022520268491599402e-06
4.577152839768684192e-04
2.981437558738642677e-04
-1.488648786449667510e-04
-4.353446133958814492e-04
-3.831913960513070498e-04
-1.427342388601569607e-04
2.923664350137140689e-05
1.154587760533425851e-05
-1.211091027185459446e-04
-2.160351635300616446e-04
-1.911803633184077983e-04
-8.437954952846713700e-05
9.031982142474263809e-06
2.829107190799652231e-05
-1.387130100145256653e-05
-6.187470258457332178e-05
-7.326366617804871235e-05
-4.806080370159959985e-05
-1.580377866515326828e-05
-2.950047999217007164e-06
-1.241007809574616132e-05
-2.802213385038025294e-05
-3.309952489712506235e-05
-1.698088193648207952e-05
-1.446324512194534675e-06
-9.146561104759220361e-06
-8.090530612026771703e-06
-2.228308669817595497e-06
-3.820055642856845708e-06
-1.029395456307785383e-06
-1.029257679258209885e-06
-3.789640150858618300e-07
-1.255653339941580075e-07
-3.640106160996890542e-08
-1.180713850630149889e-08
-5.315892187463750058e-09
-3.236505691238041693e-09
-2.212597701529045928e-09
-1.629964282848598337e-09
-1.255455451818257677e-09
-1.000514498736531327e-09
-8.107066817634959009e-10
-6.683920701475573610e-10
-5.566009163040796659e-10
-4.686386691195835082e-10
-3.977504172092185578e-10
-3.403222677168018036e-10
-2.931502936678775155e-10
-2.541392751157577122e-10
-2.215698245907549893e-10
-1.942095264563684089e-10
-1.710803053575515667e-10
-1.513878870389074823e-10
-1.345216704188196507e-10
-1.200005299706106685e-10
-1.074379892989500674e-10
-9.652184827320173009e-11
-8.699650462814937161e-11
-7.865047395033497428e-11
-7.130814802488947780e-11
-6.482339694747282114e-11
-5.907558382472802921e-11
-5.396608803860347146e-11
-4.941259558517770495e-11
-4.534352400210030258e-11
-4.169596788776281694e-11
-3.841606056131007657e-11
-3.545857429150027380e-11
-3.278585734568869455e-11
-3.036647139815362903e-11
-2.817305389076129731e-11
-2.618011315594428408e-11
-2.436411703418897624e-11
-2.270503243583498926e-11
-2.118679950678318866e-11
-1.979625051184660858e-11
-1.852179269448188654e-11
-1.735226473089630630e-11
-1.627637516795766195e-11
-1.528348882885291810e-11
-1.436512480284750588e-11
-1.351522988059834454e-11
-1.272899492079082510e-11
-1.200149238910605007e-11
-1.132739836724684849e-11
-1.070097454981062854e-11
3.205941542629059436e-04
4.664669321966429731e-04
3.005102886602642378e-04
1.193824149294136529e-04
2.503861198095086796e-04
6.297128146884625700e-04
9.071409645397826441e-04
8.354997172117203160e-04
5.038973904980521921e-04
2.141709184637498157e-04
1.776940229098485481e-04
3.447909261747997061e-04
4.987579084091947178e-04
4.799015804064954058e-04
3.142040882727007291e-04
1.524403179301360997e-04
1.128236911712962630e-04
1.853149178092374730e-04
2.673006498548388785e-04
2.708238159185338053e-04
1.936469896938662844e-04
1.017759682182350727e-04
5.878660670446745663e-05
7.402532005399991460e-05
1.083114759008086157e-04
1.183234086818354014e-04
9.317052671291173403e-05
5.489722600491110172e-05
3.173737606938395147e-05
3.316634926447754910e-05
4.679085543084699129e-05
5.394447224831061722e-05
4.636752740458201434e-05
3.011795109054546182e-05
1.693006897134668223e-05
1.332771198526399906e-05
1.684458911486107056e-05
2.043299586036059599e-05
1.929103229805772751e-05
1.400075739038783317e-05
7.272229333294404102e-06
7.366286549240751654e-06
7.378070621167067693e-06
3.516937228661360038e-06
2.652460450832713340e-06
2.231278026275943262e-06
1.108078185121917463e-06
5.797899419760654764e-07
2.709445503850543526e-07
8.397991540874122559e-08
2.685966883172095435e-08
9.273016639062416646e-09
4.236834302402045091e-09
2.643847911386824257e-09
1.817120600088620214e-09
1.332148937172609429e-09
1.026877024569058295e-09
8.143669870673287282e-10
6.608265523839534661e-10
5.441135394941321617e-10
4.538051976104119304e-10
3.822414349225206781e-10
3.248581488490656341e-10
2.782195577802631022e-10
2.399489055725927897e-10
2.082471333952101955e-10
1.817769612138089871e-10
1.595089934549904445e-10
1.406507518898172109e-10
1.245818288133536357e-10
1.108099268879958867e-10
9.894283755712907014e-11
8.866650141517079524e-11
7.972702655424804726e-11
7.191714116584083963e-11
6.506634087318658392e-11
5.903365888577213569e-11
5.370203257888723250e-11
4.897389903529704578e-11
4.476769719088240127e-11
4.101478240181057277e-11
3.765678706020520575e-11
3.464381075491931460e-11
3.193321722919339043e-11
2.948858563416901271e-11
2.727870677117588178e-11
2.527670931709827486e-11
2.345927069941661599e-11
2.180594967530770696e-11
2.029881365767002789e-11
1.892228905597138049e-11
1.766292347494658426e-11
1.650898599506549851e-11
1.545007536288756652e-11
1.447682782447797934e-11
1.358074858175936439e-11
1.275422587412058777e-11
1.199063114301417178e-11
1.128428406079528373e-11
1.063021414128516976e-11
1.002391217297338841e-11
9.461185477027160188e-12
8.938168278536342809e-12
2.173269549829269326e-07
2.179964336353697877e-07
2.125265843461157221e-07
2.068068684813873572e-07
2.064290307985417980e-07
2.086071823844798302e-07
2.059364000608203739e-07
1.946060245615351952e-07
1.780065722914667069e-07
1.630075996175020277e-07
1.535900357582297306e-07
1.480919587283766876e-07
1.418936427372354395e-07
1.321280581158058174e-07
1.198733570956497948e-07
1.084403459531450438e-07
1.000796970594776936e-07
9.430799163930752060e-08
8.894179240126789908e-08
8.234499845918309199e-08
7.469710433168680337e-08
6.742790400194416148e-08
6.172494741112170631e-08
5.759074732108220985e-08
5.410733471359532402e-08
5.039482531625202233e-08
4.629789705717981174e-08
4.230217300905793486e-08
3.894686007973669022e-08
3.634695221454276406e-08
3.418899365295865771e-08
3.207966537122665071e-08
2.986929936090434113e-08
2.769331300004040520e-08
2.577290110623299300e-08
2.420058274288195660e-08
2.288751795304194072e-08
2.167088419472013471e-08
2.045173105106695171e-08
1.924507674593101098e-08
1.763757133098684038e-08
1.590407753119517580e-08
1.437803881484354986e-08
1.296701599047703825e-08
1.177577462146288346e-08
1.023742580936722092e-08
8.499750194341095095e-09
7.081011362646279813e-09
5.434883467569378680e-09
3.832851883787730908e-09
2.742795087096680759e-09
1.944225954657209622e-09
1.451937075828183105e-09
1.175240168500378107e-09
9.605111050865887348e-10
7.922825566408585208e-10
6.592494407132831782e-10
5.530824178962733651e-10
4.675954011810990402e-10
3.981623865607210437e-10
3.412999548871851337e-10
2.943651084998905059e-10
2.553373047871497383e-10
2.226600233590295283e-10
1.951236177149092052e-10
1.717794089886725257e-10
1.518776236820958483e-10
1.348213815270574580e-10
1.201316951593560662e-10
1.074214508344021053e-10
9.637605924770496071e-11
8.673817627475652834e-11
7.829570728509773770e-11
7.087301572757644628e-11
6.432419790096944325e-11
5.852737256009663189e-11
5.338011903844806409e-11
4.879612266579869552e-11
4.470233766963543425e-11
4.103645237662728989e-11
3.774508578993455518e-11
3.478261834402275668e-11
3.211005072989263973e-11
2.969380585913273423e-11
2.750474287293521566e-11
2.551740080369684944e-11
2.370942664556214851e-11
2.206126947219164050e-11
2.055600288679795924e-11
1.917896686615348513e-11
1.791728839580011945e-11
1.675953475936034682e-11
1.569551123499727008e-11
1.471609056862871371e-11
1.381312574552082516e-11
1.297943971992693575e-11
1.220871611799151545e-11
1.149529110121772923e-11
1.083403476376794868e-11
1.022034409245127857e-11
9.650121989914810029e-12
9.119698003662380999e-12
8.625791829210381616e-12
2.039784247017158206e-07
1.576406655971682906e-07
1.186506528739234273e-07
9.065279049828197125e-08
7.184320509384862277e-08
5.861158080605677631e-08
4.880850161760232117e-08
4.122452505547665219e-08
3.519948829840277864e-08
3.034919129853843712e-08
2.641042092734921131e-08
2.319484916711129403e-08
2.055280688978103897e-08
1.836211080225388006e-08
1.652409223261035409e-08
1.496148775098459629e-08
1.361592646554899028e-08
1.244462356512921434e-08
1.141669913336553831e-08
1.050968154022655472e-08
9.706598390194574414e-09
8.993846400730402143e-09
8.359827809084598542e-09
7.794234919279502810e-09
7.287781270373810266e-09
6.832202260075332350e-09
6.420337952213493906e-09
6.046181677150556701e-09
5.704832630133575986e-09
5.392346617027869473e-09
5.105533084068571303e-09
4.841755836924314713e-09
4.598758384394833518e-09
4.374545472951774824e-09
4.167312881066531282e-09
3.975414747702432943e-09
3.797353663187019461e-09
3.631779641409866585e-09
3.477486702819675008e-09
3.333406817534066926e-09
3.135427759548232152e-09
2.897900635626409120e-09
2.687807172543185874e-09
2.501160402765726559e-09
2.334628146848878268e-09
2.118080843175303810e-09
1.873942756834376212e-09
1.672260984441324403e-09
1.432202031834794776e-09
1.186265196656542581e-09
1.002281902514221430e-09
8.494456853434250290e-10
7.421615503284150298e-10
6.739259457184921800e-10
6.153147762379741076e-10
5.645419223586725003e-10
5.202240786539948187e-10
4.812757058876719301e-10
4.468344835593442149e-10
4.162077478929652283e-10
3.888334203706963642e-10
3.642513817219900685e-10
3.420817209684143938e-10
3.220082490890141193e-10
3.037659621450541953e-10
2.871313267894294572e-10
2.719145764960221627e-10
2.579536774034019693e-10
2.451096219547612812e-10
2.332624538327584643e-10
2.223081717508210790e-10
2.121565441062297292e-10
2.027285561610837574e-10
1.939544073159621117e-10
1.857734294012016778e-10
1.781313563480932832e-10
1.709798944128715549e-10
1.642786458834374892e-10
1.579883674551425186e-10
1.520724101536445141e-10
1.465026958482190432e-10
1.412542435752940124e-10
1.363021229360041134e-10
1.316214150363430101e-10
1.271889327644746414e-10
1.229882001770398652e-10
1.190055579096373093e-10
1.152274098978331551e-10
1.116401613992526790e-10
1.082302170142206952e-10
1.049839834673867221e-10
1.018879880362816134e-10
9.893133912141221829e-11
9.610717609848216216e-11
9.340928630927548196e-11
9.083145600156883698e-11
8.836747219399618958e-11
8.601112182992543341e-11
8.375619332647005088e-11
8.159647307857709907e-11
7.952574914556678286e-11
7.753780925673397876e-11
7.562644462084660341e-11
