3.489426183998169062e+00
1.665642862209516073e+00
1.215476488529882548e+00
8.730622727569836705e-01
5.475606227602132225e-01
2.867220022095837706e-01
1.308650036135059203e-01
6.967939780139550954e-02
6.015512481896177766e-02
6.095134596792278758e-02
5.314448331903766365e-02
3.890911465946085557e-02
2.764105718324664021e-02
2.391677011776693895e-02
2.486372072592881594e-02
2.488688889339740404e-02
2.110588572332047774e-02
1.485369135379852913e-02
9.334485395711026451e-03
6.544275155813186577e-03
6.107221237941530545e-03
6.315199866231026651e-03
5.846752006632116062e-03
4.605887019996702560e-03
3.319790316641319048e-03
2.626063698594759827e-03
2.543247703479754700e-03
2.624067505611803186e-03
2.449344285965810927e-03
1.955717165134970414e-03
1.381708059496212148e-03
9.891995884705809261e-04
8.498647675483218637e-04
8.457302206258334072e-04
8.180923840809082182e-04
7.013089310147237448e-04
5.406503568332695795e-04
4.165467742137924203e-04
3.649300346459607059e-04
3.588033656827373328e-04
3.245015505229680215e-04
2.039087568496284473e-04
1.337855906499480396e-04
1.184102233662759959e-04
8.381948565353578365e-05
5.484110979644838741e-05
2.989037913761553563e-05
1.713335241853689196e-05
7.587589632775043272e-06
2.551124575032571715e-06
9.950427957164633703e-07
4.322669501981580568e-07
2.399070748404832212e-07
1.738060796621614256e-07
1.312147050967561659e-07
1.040748249516603435e-07
8.403858165676415247e-08
6.932474344565353530e-08
5.778869504852211784e-08
4.872888445308793092e-08
4.141569538595709099e-08
3.547644937723989432e-08
3.059163533236089850e-08
2.654148170109396514e-08
2.315130888118256173e-08
2.029457827360526585e-08
1.787358724433659881e-08
1.581001971861953974e-08
1.404173718382948413e-08
1.251929680663152661e-08
1.120097081128480436e-08
1.005242305905913778e-08
9.048179860940708951e-09
8.168526079610667623e-09
7.395679851619821676e-09
6.713871267847521953e-09
6.110031592634285797e-09
5.572820637311687568e-09
5.092748275124050710e-09
4.663206405897891817e-09
4.279254116563542079e-09
3.935451411383696113e-09
3.626039434332127019e-09
3.346280676517376762e-09
3.092521529173708999e-09
2.861888335360212399e-09
2.652497024647628890e-09
2.462866747259146133e-09
2.290754782122637649e-09
2.133375571459397074e-09
1.988645856412013431e-09
1.855471093734744764e-09
1.733167751364928277e-09
1.621176654189808921e-09
1.518808366477249558e-09
1.424797704454816316e-09
1.337585935103983961e-09
1.256249756019336038e-09
1.180699568241764550e-09
1.110990635584512645e-09
1.046858733508172002e-09
9.877153214162564735e-10
9.326913408961622904e-10
-5.398619968178554589e-04
-1.416467312617661692e-02
-1.238093861943276308e-02
-2.420434071922238951e-03
6.108382421392674101e-03
8.046413733330263357e-03
4.565900088288983236e-03
6.634538232994929168e-05
-2.050010416135659898e-03
-1.455788721315039560e-03
-7.663782980384900126e-06
4.981448341658393283e-04
-2.327481512933344838e-04
-1.238618915206056697e-03
-1.511339625511896835e-03
-8.921235205739635847e-04
-3.021873479639507612e-06
4.577064272111762639e-04
2.981374550991945172e-04
-1.488605834016610272e-04
-4.353318448181564136e-04
-3.831788749749833866e-04
-1.427285204404518085e-04
2.923657687821544360e-05
1.154637807675031427e-05
-1.211030391468514327e-04
-2.160243649713388130e-04
-1.911700842989791209e-04
-8.437434329123226235e-05
9.032045979571042628e-06
2.828978186812476504e-05
-1.387005556852917807e-05
-6.187008147398127746e-05
-7.325788589870542075e-05
-4.805661445424351020e-05
-1.580204003436333545e-05
-2.949418401025918599e-06
-1.240863677573873658e-05
-2.801916196856405646e-05
-3.309590649057788042e-05
-1.697882254585813576e-05
-1.446044623353451587e-06
-9.145310614897170616e-06
-8.089335806391360846e-06
-2.227964975452981568e-06
-3.819446871987634167e-06
-1.029307390607359845e-06
-1.029175219473998184e-06
-3.790456896656025415e-07
-1.257187139919241600e-07
-3.657185281590480142e-08
-1.196469234106477382e-08
-5.453678518925655498e-09
-3.358244556091193814e-09
-2.319046926717872589e-09
-1.722505865791605813e-09
-1.335674957469409215e-09
-1.069984366660537334e-09
-8.709001258490105292e-10
-7.206200451733705766e-10
-6.020114035957022214e-10
-5.082154497617965156e-10
-4.323325318847355184e-10
-3.706200564463344467e-10
-3.197651024854426791e-10
-2.775797217419034871e-10
-2.422669346491895248e-10
-2.125291225178157216e-10
-1.873336447842787069e-10
-1.658405573030211750e-10
-1.474008605413853505e-10
-1.315011008039576719e-10
-1.177275373778582333e-10
-1.057449196471977992e-10
-9.527810569962413180e-11
-8.609900595033305164e-11
-7.801786048915055209e-11
-7.087645152172086000e-11
-6.454378477940963097e-11
-5.891233720590893741e-11
-5.389212535914250565e-11
-4.940494899403979458e-11
-4.538217952231545613e-11
-4.176498422443332679e-11
-3.850380886515916660e-11
-3.555722286189278507e-11
-3.289047746698858853e-11
-3.047331241031677604e-11
-2.827770220363429215e-11
-2.627789748787476321e-11
-2.445191484565748165e-11
-2.278196774315176325e-11
-2.125335129500885040e-11
-1.985310087646823467e-11
-1.856883003710122521e-11
-1.738815852560130543e-11
-1.629948467063098569e-11
-1.529346983839343884e-11
-1.436329586243030360e-11
-1.350347612192268730e-11
-1.270847186494209903e-11
-1.197242400046766914e-11
-1.128909745843063104e-11
3.205946327913561530e-04
4.664673280270437649e-04
3.005106599341218158e-04
1.193827479793113991e-04
2.503859864764878401e-04
6.297115005415782670e-04
9.071382804455663338e-04
8.354965488725977878e-04
5.038950296131708287e-04
2.141696467303913563e-04
1.776925537873949481e-04
3.447875672114903865e-04
4.987523726007630533e-04
4.798954852704637175e-04
3.141994725489691710e-04
1.524376255458874190e-04
1.128213009732433806e-04
1.853107322920312123e-04
2.672941599939442602e-04
2.708166087824949051e-04
1.936412600182296968e-04
1.017725403195544800e-04
5.878434342541332926e-05
7.402234945904923990e-05
1.083069430355954033e-04
1.183181130186515269e-04
9.316600433642162511e-05
5.489429347334323563e-05
3.173550347965355800e-05
3.316430446587188981e-05
4.678787274053238768e-05
5.394084794158007150e-05
4.636421295268859655e-05
3.011565182961288423e-05
1.692869788741864251e-05
1.332659966530320515e-05
1.684313792432338158e-05
2.043114855611939638e-05
1.928920011643214086e-05
1.399937412781814999e-05
7.271505128306434216e-06
7.365502604557427890e-06
7.377219284868678381e-06
3.516574053404293201e-06
2.652212181327450471e-06
2.231072017694809417e-06
1.108052030387308652e-06
5.798635999837770312e-07
2.710783954473429982e-07
8.414492217031045139e-08
2.701947402632700574e-08
9.412081188406504127e-09
4.355025579807519374e-09
2.746781375292601829e-09
1.906235621004198251e-09
1.409080145921012241e-09
1.093226957397720461e-09
8.716249357059342324e-10
7.103135828593353078e-10
5.869794266178062489e-10
4.910320446084103401e-10
4.146620465048097141e-10
3.531744065633190484e-10
3.030222845900166649e-10
2.617353335484649807e-10
2.274364141563748788e-10
1.987231810666802255e-10
1.745120858172891175e-10
1.539655028624623607e-10
1.364253191430659599e-10
1.213676759135782305e-10
1.083738704981889442e-10
9.710753885356202771e-11
8.729595855510465427e-11
7.871591416917801039e-11
7.118336192361148164e-11
6.454580431628886399e-11
5.867633116075984395e-11
5.346894564722547567e-11
4.883484191300325443e-11
4.469913428850687393e-11
4.099806565582529054e-11
3.767707149090099911e-11
3.468946862806856666e-11
3.199531301579987492e-11
2.956031736951417604e-11
2.735491473456641216e-11
2.535342009298293486e-11
2.353332200699300437e-11
2.187487225360665707e-11
2.036090033432434175e-11
1.897654258501397180e-11
1.770881419736458636e-11
1.654619557890375186e-11
1.547832475580785333e-11
1.449581725116166768e-11
1.359026980057022056e-11
1.275434977498522298e-11
1.198175008420572854e-11
1.126694068309392921e-11
1.060491227032397425e-11
9.991022661559425663e-12
9.421002376507319473e-12
2.178501613644108689e-07
2.185178727794191351e-07
2.130516944986393188e-07
2.073342192568571256e-07
2.069496007366990858e-07
2.091142151204417205e-07
2.064325387501517784e-07
1.951002566975130723e-07
1.785052068381155453e-07
1.635087210222146887e-07
1.540861050091699303e-07
1.485769109951602546e-07
1.423673588589888125e-07
1.325947531000555629e-07
1.203365094538886066e-07
1.088993199886163775e-07
1.005306670879817077e-07
9.474747528555714423e-08
8.936919603807466767e-08
8.276220990412625080e-08
7.510612640498473423e-08
6.782896818412175649e-08
6.211658269954907137e-08
5.797129007688390004e-08
5.447628214099937563e-08
5.075295091114284132e-08
4.664633960843257231e-08
4.264150718787663648e-08
3.927691624842591717e-08
3.666733870354416500e-08
3.449970732581949543e-08
3.238126166223129351e-08
3.016259037466877029e-08
2.797895500184244305e-08
2.605122732091462731e-08
2.447174476474306461e-08
2.315173436939473671e-08
2.192856488122619562e-08
2.070340917845317745e-08
1.949125274046436708e-08
1.787617419244784101e-08
1.613338927070299279e-08
1.459914936059152929e-08
1.318092505270909671e-08
1.198309156852180880e-08
1.043577081746529461e-08
8.687095641089938187e-09
7.257850000400885345e-09
5.596188725852273440e-09
3.973657794886247680e-09
2.863936945313512904e-09
2.045675954705167378e-09
1.537817221592632244e-09
1.250496917932222698e-09
1.026339095126708969e-09
8.498220377789256086e-10
7.095546944462978326e-10
5.971035549092667156e-10
5.061723339696949314e-10
4.320276052508093692e-10
3.710867105312701212e-10
3.206181113411847335e-10
2.785239852149449546e-10
2.431812264783620677e-10
2.133232196966054710e-10
1.879527192555629888e-10
1.662786045175911708e-10
1.476688002408386221e-10
1.316143471959868562e-10
1.177025847271026509e-10
1.055971211765085567e-10
9.502198031837157271e-11
8.574912102845050661e-11
7.758923346401140130e-11
7.038466468008039366e-11
6.400341647838340853e-11
5.833434071665815941e-11
5.328358117854834563e-11
4.877156154238424011e-11
4.473029885393430999e-11
4.110147338705920814e-11
3.783515920567185392e-11
3.488860088957157762e-11
3.222493873003257965e-11
2.981214982909994115e-11
2.762223156518122762e-11
2.563058635477178893e-11
2.381568372746657533e-11
2.215885374000023294e-11
2.064389986437466393e-11
1.925659144000225413e-11
1.798428936747309015e-11
1.681571977035927931e-11
1.574078677899677655e-11
1.475047536836860746e-11
1.383683324055466044e-11
1.299285230130069348e-11
1.221225063275220922e-11
1.148934495901114123e-11
1.081903548487083766e-11
1.019677839772117798e-11
9.618499597272067828e-12
9.080554826650967355e-12
2.037542537030217594e-07
1.575076205461859370e-07
1.185790994642330374e-07
9.061103950327504054e-08
7.181534463898058744e-08
5.859293834767929848e-08
4.879818196178308745e-08
4.122227130645433044e-08
3.520482608386072926e-08
3.036145609936142765e-08
2.642897366437626702e-08
2.321914762074874543e-08
2.058240086548724785e-08
1.839660336887297702e-08
1.656312009095396048e-08
1.500472180331088141e-08
1.366310508622232593e-08
1.249555254098452244e-08
1.147121144634438714e-08
1.056758767129396573e-08
9.767658006100538433e-09
9.057760246639063877e-09
8.426255646505067691e-09
7.862845363830670113e-09
7.358305752685898760e-09
6.904455282786369498e-09
6.494188777731104204e-09
6.121517666147842152e-09
5.781534338683439369e-09
5.470273779359628468e-09
5.184520260429591000e-09
4.921621012624909568e-09
4.679334294440374281e-09
4.455706245144076080e-09
4.248975015228511712e-09
4.057514659234751701e-09
3.879826619224809828e-09
3.714554606354405578e-09
3.560488262200263288e-09
3.416555817002767742e-09
3.218634759699143851e-09
2.980975730466532742e-09
2.770605572833972192e-09
2.583538289994646059e-09
2.416435243572644634e-09
2.198792720830720255e-09
1.952943858748756468e-09
1.749305564547300205e-09
1.506035828141222321e-09
1.255613300950996095e-09
1.067123949086849214e-09
9.095181364777270866e-10
7.982058649831556687e-10
7.270166403540696589e-10
6.655976497548411743e-10
6.121612691780443307e-10
5.653230225477165752e-10
5.239924841674793918e-10
4.873019549498401660e-10
4.545521047753446897e-10
4.251745947194726943e-10
3.987027559939820978e-10
3.747499991863283567e-10
3.529938318197640421e-10
3.331631783224761830e-10
3.150286646250821403e-10
2.983950006332134611e-10
2.830950047283613982e-10
2.689848056701337941e-10
2.559398626721305002e-10
2.438519121559600014e-10
2.326267787860806867e-10
2.221817067224926776e-10
2.124433693235722646e-10
2.033478685533708902e-10
1.948379414492102704e-10
1.868624867224199089e-10
1.793785465803961423e-10
1.723443542177637643e-10
1.657208550780896819e-10
1.594779544651828759e-10
1.535887956014590423e-10
1.480265745902843098e-10
1.427644996889967300e-10
1.377776074490581401e-10
1.330480194772845017e-10
1.285608308505033262e-10
1.243012034846631408e-10
1.202543007346121993e-10
1.164052852568325886e-10
1.127393220033285225e-10
1.092417056184491049e-10
1.059005073267868704e-10
1.027081345845986490e-10
9.965769187535309091e-11
9.674228252319992440e-11
9.395501068471565061e-11
9.128898044441623369e-11
8.873729745730944377e-11
8.629306523784068779e-11
8.394938907243117311e-11
8.169937390191080347e-11
7.953612851314048966e-11
