3.489416199084699244e+00
1.665638855711957245e+00
1.215479918768743506e+00
8.730718440459075413e-01
5.475709605194772900e-01
2.867279689580949364e-01
1.308655687390318512e-01
6.967761061060925853e-02
6.015469575549265563e-02
6.095343006387440171e-02
5.314747820534548861e-02
3.891102428486389875e-02
2.764168806512044829e-02
2.391769788076741898e-02
2.486644036503765989e-02
2.489122043568391118e-02
2.111014112073832799e-02
1.485623315024190913e-02
9.335071763160038977e-03
6.544024166262093350e-03
6.107445406611532179e-03
6.316312668110989417e-03
5.848168793572386566e-03
4.606800490270859805e-03
3.319965480919398297e-03
2.625952490721943956e-03
2.543460246053856101e-03
2.624793313607898596e-03
2.450243720928618838e-03
1.956291737363779169e-03
1.381741530238872039e-03
9.888810698165965626e-04
8.495543242241058741e-04
8.456373052512064677e-04
8.181529847432119371e-04
7.013176998566729610e-04
5.404777589080834391e-04
4.162387388666018888e-04
3.646328727790824464e-04
3.586174297113189761e-04
3.243967275575514392e-04
2.036523092732467908e-04
1.334727546157967555e-04
1.181797870990494790e-04
8.356936728719308993e-05
5.460686675561892312e-05
2.967592511447350768e-05
1.695143347524451344e-05
7.444866257512755168e-06
2.453371927680117489e-06
9.302482665126490806e-07
3.915939450043338356e-07
2.138663597015517259e-07
1.554304611050379494e-07
1.180936318447685602e-07
9.457466513224787668e-08
7.703530907350023563e-08
6.407099680467047756e-08
5.377850469355983044e-08
4.561636367105705767e-08
3.896178869586653767e-08
3.351469865422332288e-08
2.900565891798898853e-08
2.524782050440353522e-08
2.208785019871465154e-08
1.941360716027149938e-08
1.713907365179181876e-08
1.519352373161105350e-08
1.352148721726300352e-08
1.207824032690049042e-08
1.082556965514179250e-08
9.731722685897113193e-09
8.773057893072893886e-09
7.931772101545043980e-09
7.191776610793431385e-09
6.538187722682303864e-09
5.958557420010893795e-09
5.442053386660298648e-09
4.979777984769113585e-09
4.565531620055433747e-09
4.194780765939503323e-09
3.862279665309548854e-09
3.562460700727941207e-09
3.290878695686376885e-09
3.044134068789254132e-09
2.819508519901918651e-09
2.615341934283088171e-09
2.430223163143464506e-09
2.262002189989821419e-09
2.108000597919753199e-09
1.966214438401676027e-09
1.835626767726258219e-09
1.715635803661690744e-09
1.605691467356223640e-09
1.505135650005948560e-09
1.412729334466311729e-09
1.326953105784446736e-09
1.246928243520082784e-09
1.172640221906748240e-09
1.104160042774231852e-09
1.041250005941056726e-09
9.832358228340030826e-10
9.291082428345796563e-10
-5.398596153059237891e-04
-1.416476705835924450e-02
-1.238113397812671060e-02
-2.420530617034581146e-03
6.108591678999172880e-03
8.046855873612141288e-03
4.566250993915754383e-03
6.635382547186616112e-05
-2.050264493548898358e-03
-1.455990619793381437e-03
-7.607878076934628989e-06
4.983382836929464927e-04
-2.327256143559705613e-04
-1.238927709867159756e-03
-1.511812790493094125e-03
-8.924222243526371912e-04
-2.956950867726173191e-06
4.580083063679519866e-04
2.983690691543673884e-04
-1.489015075014440569e-04
-4.355844423186326034e-04
-3.834146635876117251e-04
-1.427805158757437462e-04
2.933590745977250321e-05
1.162774103706855648e-05
-1.211699392519305092e-04
-2.162168404213878959e-04
-1.913522339154524580e-04
-8.443114820937778629e-05
9.099121266263864851e-06
2.838240696989343057e-05
-1.384889127779136435e-05
-6.193709422086740926e-05
-7.335294788751668595e-05
-4.810956125179078686e-05
-1.579376145115283218e-05
-2.916953822856940452e-06
-1.240162652231524136e-05
-2.805458979840389869e-05
-3.314972312922704120e-05
-1.699615626510301113e-05
-1.425610597590615918e-06
-9.154982595114732395e-06
-8.099310571101335656e-06
-2.219562295738379390e-06
-3.822603622867661006e-06
-1.024273722925769373e-06
-1.027274820996240369e-06
-3.763794904781805280e-07
-1.236820702558491054e-07
-3.504348451565993400e-08
-1.096264450750258884e-08
-4.801141009937464710e-09
-2.895743547788039287e-09
-1.995165890255045778e-09
-1.497387359755261826e-09
-1.177675844258856935e-09
-9.580135897139662694e-10
-7.897959316364332925e-10
-6.607728750051240432e-10
-5.568063458213852989e-10
-4.734313511306465069e-10
-4.050492966807405059e-10
-3.489239673705590698e-10
-3.022866483447428500e-10
-2.633746136468694930e-10
-2.306172103125046019e-10
-2.029196041182088267e-10
-1.793539793702053901e-10
-1.591864990889063773e-10
-1.418211489348374437e-10
-1.267982057480747799e-10
-1.137407310704908599e-10
-1.023451716084703605e-10
-9.236468194531145113e-11
-8.359335543258410212e-11
-7.585550962062581596e-11
-6.900847031050686274e-11
-6.292665085251119750e-11
-5.751359235827103513e-11
-5.268140922452146404e-11
-4.835829101477147846e-11
-4.447612714477920413e-11
-4.098074738513038356e-11
-3.782348655114710205e-11
-3.496698795682298419e-11
-3.237675656303091778e-11
-3.002563401348173723e-11
-2.788539872643924820e-11
-2.593303661212106161e-11
-2.414725412217721959e-11
-2.251257557772459688e-11
-2.101498590008422334e-11
-1.964291079037923962e-11
-1.838378595894516189e-11
-1.722639929205752544e-11
-1.615880708820634825e-11
-1.517307524280952643e-11
-1.426111283959814123e-11
-1.341895635488854121e-11
-1.263628847899190093e-11
-1.191134985423083460e-11
-1.123235771637236839e-11
3.205572829738242372e-04
4.664321446925638343e-04
3.004754567368991955e-04
1.193434754035705401e-04
2.503499225712571530e-04
6.296986891947754014e-04
9.071588657086867343e-04
8.355304883184292222e-04
5.039062716164048605e-04
2.141459089018344416e-04
1.776652281819488682e-04
3.448033838224044407e-04
4.988232892982554000e-04
4.799816073800131306e-04
3.142465560485339449e-04
1.524317656753676909e-04
1.128038519142623031e-04
1.853376065568611254e-04
2.673808556121067773e-04
2.709235820993683352e-04
1.937123216551520761e-04
1.017866919203811295e-04
5.877136605539806701e-05
7.403079637539419929e-05
1.083585754083678259e-04
1.183917486324065804e-04
9.322186003045719051e-05
5.491178363318034879e-05
3.172892512413123724e-05
3.316554215372220343e-05
4.681614191261373396e-05
5.398791390842994152e-05
4.640553847846823625e-05
3.013369736562689552e-05
1.692640927921555352e-05
1.332132666045682730e-05
1.684965405885827626e-05
2.045006942836561980e-05
1.930945578893543743e-05
1.400990123979220392e-05
7.268454313546352054e-06
7.368100173623750311e-06
7.384314738773411875e-06
3.514074388278742664e-06
2.649724979847400872e-06
2.230321675939888951e-06
1.105859872942318426e-06
5.772758348844392660e-07
2.690078192074772010e-07
8.255686520983203360e-08
2.590176979655602227e-08
8.691785678243133743e-09
3.886364291359318816e-09
2.415034800186831938e-09
1.673986621589486653e-09
1.246539742502254439e-09
9.785678307255384309e-10
7.893828363752087908e-10
6.502137670016675763e-10
5.421420788457028657e-10
4.569175377904453444e-10
3.882091458703283829e-10
3.323216123977024116e-10
2.863519447085162122e-10
2.482583824497296598e-10
2.164380728460653556e-10
1.896760044467964944e-10
1.670177321803426326e-10
1.477206158602516111e-10
1.311947633197008909e-10
1.169666139041170051e-10
1.046529692009704542e-10
9.394584318226191361e-11
8.459613315942553843e-11
7.640104512839693098e-11
6.919268676673041676e-11
6.283023585429231441e-11
5.719531121069147224e-11
5.218898197392413606e-11
4.772795257798800041e-11
4.374185623308586842e-11
4.016986113718602326e-11
3.695993658635949745e-11
3.406752546049030749e-11
3.145509563909929579e-11
2.909034510260581475e-11
2.694541374102359284e-11
2.499578080476070393e-11
2.322001414553669669e-11
2.159935413854107871e-11
2.011788373038182733e-11
1.876183416444125741e-11
1.751918194964422428e-11
1.637898025258705613e-11
1.533125147669345174e-11
1.436690190687552161e-11
1.347798769888315097e-11
1.265757333366404852e-11
1.189971841968955904e-11
1.119850644013908589e-11
1.054843324097848428e-11
9.943752466668739186e-12
9.380322301759013582e-12
1.798244820564169843e-07
1.805436030847144330e-07
1.751379176769615756e-07
1.696000276250035644e-07
1.699271721940322712e-07
1.735163753517490534e-07
1.726530255413278665e-07
1.630417841142181270e-07
1.478729103710101001e-07
1.342048175644112203e-07
1.263112281881768447e-07
1.226037455899624235e-07
1.182688189973789263e-07
1.101926518355776115e-07
9.937685566007880689e-08
8.925100530786209329e-08
8.222520829907868820e-08
7.785838291281457557e-08
7.387240894495190052e-08
6.850538705672876566e-08
6.189203509407676365e-08
5.551861165576819692e-08
5.066212140816606890e-08
4.736892301092129619e-08
4.469849902179707392e-08
4.172186911940992305e-08
3.825982477368536992e-08
3.481664060491599520e-08
3.196989799515570110e-08
2.985898203306441130e-08
2.816706612135635379e-08
2.648220700616431037e-08
2.464266608805821069e-08
2.278922767717608304e-08
2.115982948886821935e-08
1.986142531863551882e-08
1.880898688460723157e-08
1.783509496267700632e-08
1.683585128273519206e-08
1.582681478014828459e-08
1.448545347409937953e-08
1.307678226106315305e-08
1.183746959113409905e-08
1.067446246873458655e-08
9.706743776697670218e-09
8.462542648360549570e-09
7.056907548018413806e-09
5.912169634053161087e-09
4.582757489515215281e-09
3.280458726372719946e-09
2.385897529617059796e-09
1.730614185318120443e-09
1.329218326149476825e-09
1.101157284583629491e-09
9.189223198814030441e-10
7.711394313855618859e-10
6.506921311169755135e-10
5.521972852804464037e-10
4.713478070033998806e-10
4.046112543557557758e-10
3.491937793027299598e-10
3.029116975976649096e-10
2.640599248423754537e-10
2.312762020455949384e-10
2.034635827690603962e-10
1.797377156119544699e-10
1.593936058495621927e-10
1.418679801200376013e-10
1.267055372994993233e-10
1.135348555554871165e-10
1.020480199952608561e-10
9.198783083694396571e-11
8.314342648754750075e-11
7.534293460387176362e-11
6.844470752587352945e-11
6.232698230438594341e-11
5.688421178295424695e-11
5.202750224402148536e-11
4.768249007742553989e-11
4.378600524052568413e-11
4.028291613215048320e-11
3.712495275122985725e-11
3.427099426762507860e-11
3.168635276022791920e-11
2.934146504207242031e-11
2.721035271690620394e-11
2.526974153820118764e-11
2.349891544277043054e-11
2.187982345884520661e-11
2.039713048520814609e-11
1.903776046669222780e-11
1.779012732718388194e-11
1.664371696788851619e-11
1.558872768306235599e-11
1.461621694677296401e-11
1.371842033307013138e-11
1.288878960564111432e-11
1.212171380603252140e-11
1.141219157153042178e-11
1.075517776112397671e-11
1.014543178334357428e-11
9.576994070713118602e-12
9.045044255705737605e-12
2.037542537030217594e-07
1.575076205461859370e-07
1.185790994642330374e-07
9.061103950327504054e-08
7.181534463898058744e-08
5.859293834767929848e-08
4.879818196178308745e-08
4.122227130645433044e-08
3.520482608386072926e-08
3.036145609936142765e-08
2.642897366437626702e-08
2.321914762074874543e-08
2.058240086548724785e-08
1.839660336887297702e-08
1.656312009095396048e-08
1.500472180331088141e-08
1.366310508622232593e-08
1.249555254098452244e-08
1.147121144634438714e-08
1.056758767129396573e-08
9.767658006100538433e-09
9.057760246639063877e-09
8.426255646505067691e-09
7.862845363830670113e-09
7.358305752685898760e-09
6.904455282786369498e-09
6.494188777731104204e-09
6.121517666147842152e-09
5.781534338683439369e-09
5.470273779359628468e-09
5.184520260429591000e-09
4.921621012624909568e-09
4.679334294440374281e-09
4.455706245144076080e-09
4.248975015228511712e-09
4.057514659234751701e-09
3.879826619224809828e-09
3.714554606354405578e-09
3.560488262200263288e-09
3.416555817002767742e-09
3.218634759699143851e-09
2.980975730466532742e-09
2.770605572833972192e-09
2.583538289994646059e-09
2.416435243572644634e-09
2.198792720830720255e-09
1.952943858748756468e-09
1.749305564547300205e-09
1.506035828141222321e-09
1.255613300950996095e-09
1.067123949086849214e-09
9.095181364777270866e-10
7.982058649831556687e-10
7.270166403540696589e-10
6.655976497548411743e-10
6.121612691780443307e-10
5.653230225477165752e-10
5.239924841674793918e-10
4.873019549498401660e-10
4.545521047753446897e-10
4.251745947194726943e-10
3.987027559939820978e-10
3.747499991863283567e-10
3.529938318197640421e-10
3.331631783224761830e-10
3.150286646250821403e-10
2.983950006332134611e-10
2.830950047283613982e-10
2.689848056701337941e-10
2.559398626721305002e-10
2.438519121559600014e-10
2.326267787860806867e-10
2.221817067224926776e-10
2.124433693235722646e-10
2.033478685533708902e-10
1.948379414492102704e-10
1.868624867224199089e-10
1.793785465803961423e-10
1.723443542177637643e-10
1.657208550780896819e-10
1.594779544651828759e-10
1.535887956014590423e-10
1.480265745902843098e-10
1.427644996889967300e-10
1.377776074490581401e-10
1.330480194772845017e-10
1.285608308505033262e-10
1.243012034846631408e-10
1.202543007346121993e-10
1.164052852568325886e-10
1.127393220033285225e-10
1.092417056184491049e-10
1.059005073267868704e-10
1.027081345845986490e-10
9.965769187535309091e-11
9.674228252319992440e-11
9.395501068471565061e-11
9.128898044441623369e-11
8.873729745730944377e-11
8.629306523784068779e-11
8.394938907243117311e-11
8.169937390191080347e-11
7.953612851314048966e-11
