3.491759466093546926e+00
1.667026693864000819e+00
1.215698896118501127e+00
8.722495300498416260e-01
5.465099099763256474e-01
2.862394214818499427e-01
1.311322837651494044e-01
7.024261721131939973e-02
6.046003362782936819e-02
6.084676795645854036e-02
5.290672077702613524e-02
3.886481971866162510e-02
2.782400161811513992e-02
2.407813008899741675e-02
2.476287497854302161e-02
2.453718267947271880e-02
2.074762902959903857e-02
1.471872068934372731e-02
9.449225821749916709e-03
6.741864656924688448e-03
6.202459045104587176e-03
6.260362975626787042e-03
5.737244420372678358e-03
4.562077069258370192e-03
3.373748158240700689e-03
2.710915091008589059e-03
2.572719789682895684e-03
2.573725383319288868e-03
2.368042942703076081e-03
1.911320698299944117e-03
1.401058411042141461e-03
1.044626046945276981e-03
8.936284105446455238e-04
8.530341518308921702e-04
8.009257205148524999e-04
6.885611385426227641e-04
5.492185359297079190e-04
4.397914382090005307e-04
3.839659355278207393e-04
3.616134315220713804e-04
3.153137584631054806e-04
2.108444431193716158e-04
1.447790220042445000e-04
1.189142334287818177e-04
8.716510597597086087e-05
5.748211589854679835e-05
3.228259210169603569e-05
1.837898092811238092e-05
8.481925264783381183e-06
2.987404267854948361e-06
1.191745414821939968e-06
5.174321282629745986e-07
2.817874216387339922e-07
1.969567128905934121e-07
1.454352839543233276e-07
1.123554859673198463e-07
8.935804711188898618e-08
7.265990750596812675e-08
6.003264113676587076e-08
5.023593530405660113e-08
4.247092014626990889e-08
3.622156833544935924e-08
3.113103078948774461e-08
2.693690605272516201e-08
2.344501265856255091e-08
2.051504622207142229e-08
1.804109867991697049e-08
1.593845733205706241e-08
1.414104868445353876e-08
1.259705596322652936e-08
1.126246040422724006e-08
1.010109018679095253e-08
9.086734198951586837e-09
8.199378871737686439e-09
7.420632783244460260e-09
6.734163779864920292e-09
6.126675297076048815e-09
5.586539441874449596e-09
5.103916608750454644e-09
4.672200461826260562e-09
4.286630536419588877e-09
3.941661632626836770e-09
3.631277003244571876e-09
3.350660711869612797e-09
3.096148397191094209e-09
2.864799046775571369e-09
2.654777656067489200e-09
2.464742393737267362e-09
2.292409346306007991e-09
2.134804105541014270e-09
1.989782505830392576e-09
1.856313044970432421e-09
1.733744163263094521e-09
1.621548868548390029e-09
1.519093877372578130e-09
1.425072603649199010e-09
1.337791289028284616e-09
1.256289625056588765e-09
1.180569029007731724e-09
1.110748845031490600e-09
1.046567866990894216e-09
9.874306263549712301e-10
9.324281283238001711e-10
-5.435911083762515021e-04
-1.415310110411665753e-02
-1.234671578958531496e-02
-2.393852262238953341e-03
6.089531895401465236e-03
7.987895648184389907e-03
4.516654465654881129e-03
6.704008883790862287e-05
-2.010435846736637056e-03
-1.426739034520045028e-03
-2.248787976494103936e-05
4.575170123350788716e-04
-2.503898114002427893e-04
-1.206275062027936315e-03
-1.452248533596770886e-03
-8.564039470284148282e-04
-1.890580155648981505e-05
4.087196908756101808e-04
2.606835204549221041e-04
-1.463797724893356846e-04
-4.031839665684540646e-04
-3.551420238161925847e-04
-1.423550768387889275e-04
7.762176254132143523e-06
-6.840304804151445709e-06
-1.179794576741984968e-04
-1.950645136325500134e-04
-1.715461366236490943e-04
-8.160475484515247572e-05
-4.176678455779587581e-06
1.279574503880648405e-05
-1.893152872464389278e-05
-5.503508182563164239e-05
-6.307674602112838089e-05
-4.376254343868218942e-05
-1.945925799873139906e-05
-9.354328925897565403e-06
-1.512262171828638276e-05
-2.510729587329626323e-05
-2.782145292486840724e-05
-1.608235727329010781e-05
-4.579694270626865507e-06
-8.310117515709128751e-06
-7.231183825151456680e-06
-3.356446638759849271e-06
-3.463365860050323061e-06
-1.392885399921149720e-06
-1.009038789823937101e-06
-4.210166311777629422e-07
-1.373087619319499677e-07
-4.564490233993214711e-08
-1.595743625955355506e-08
-6.982535053572497357e-09
-4.240217790768917674e-09
-2.805311133491227002e-09
-2.000029846915152042e-09
-1.498703449328221053e-09
-1.166923261929535040e-09
-9.321201805588931199e-10
-7.594879733387851763e-10
-6.280959496388873591e-10
-5.258175664163290015e-10
-4.446511394887358156e-10
-3.792998709693147606e-10
-3.260337714713023840e-10
-2.821537978841369001e-10
-2.456652025830004622e-10
-2.150811595475911088e-10
-1.892597317374178231e-10
-1.673064108100739462e-10
-1.485282941709419276e-10
-1.323821252780560309e-10
-1.184261405997076434e-10
-1.063011177827662377e-10
-9.572135335028636057e-11
-8.645360793453189666e-11
-7.830184559021021032e-11
-7.110548884902489534e-11
-6.473379028303948826e-11
-5.907361277002898534e-11
-5.402710054240190804e-11
-4.951486184162016196e-11
-4.547140729053631756e-11
-4.183865424918773901e-11
-3.856624108637042922e-11
-3.561265353671046029e-11
-3.294054075198535801e-11
-3.051598227390801485e-11
-2.831130486888878471e-11
-2.630454929560181751e-11
-2.447508221246927963e-11
-2.280367558116246113e-11
-2.127418328758397621e-11
-1.987228931866609463e-11
-1.858431219474512196e-11
-1.739893275485198180e-11
-1.630758455534496614e-11
-1.530173010212897723e-11
-1.437260396604209546e-11
-1.351277391484058209e-11
-1.271637416845398248e-11
-1.197771456148964782e-11
-1.129195160468199199e-11
3.222731396764992986e-04
4.678882781723280168e-04
3.021769324111139507e-04
1.224316402567681154e-04
2.541238281146564713e-04
6.308985650995144537e-04
9.036463700091759959e-04
8.300750219498647742e-04
5.023325121610499808e-04
2.188748691506353932e-04
1.840986769301736431e-04
3.455108133445609084e-04
4.915283521104484108e-04
4.705341638321249953e-04
3.109618233702006939e-04
1.575856579213499311e-04
1.202150854561829152e-04
1.865205446244416244e-04
2.598726957122193554e-04
2.604568316614680468e-04
1.884317421969194820e-04
1.045973846491244567e-04
6.519767413276286987e-05
7.704340399123746374e-05
1.049677184122900790e-04
1.117755493860205017e-04
8.904378916850437000e-05
5.594161846884232719e-05
3.581529993968513091e-05
3.585192084387236523e-05
4.556513726686550552e-05
5.005900175022901340e-05
4.315268656506605975e-05
2.981318488539322359e-05
1.901157168378065870e-05
1.547233001112227407e-05
1.720549961922561511e-05
1.905694768508428539e-05
1.766985657089334682e-05
1.352260220083018405e-05
8.273933008994242171e-06
7.419387768038244546e-06
6.773593359798751205e-06
3.911648493567192316e-06
2.901190449374269384e-06
2.196182395133727466e-06
1.159839687351194648e-06
6.469106351477069167e-07
2.916779500016066662e-07
9.582898243318894624e-08
3.322786000483060891e-08
1.203461913725133533e-08
5.473758995859047019e-09
3.364811085504186704e-09
2.251523412294033422e-09
1.608826442703678067e-09
1.209826780320699863e-09
9.429658088822422636e-10
7.546682609211014333e-10
6.157992533054798527e-10
5.101266261942949849e-10
4.277314447707894992e-10
3.622831979287787794e-10
3.095110274771864374e-10
2.664287370661314540e-10
2.308836510588726440e-10
2.012871264862622256e-10
1.764433435747376890e-10
1.554369477569191258e-10
1.375574175202211667e-10
1.222465951595823173e-10
1.090619900072769351e-10
9.765028185928038452e-11
8.772702859244346039e-11
7.906076883564949470e-11
7.146122309731846431e-11
6.477098695256227183e-11
5.885949096824007830e-11
5.361821237505469505e-11
4.895666073203780325e-11
4.479878842292228779e-11
4.107984774729663119e-11
3.774426646543802342e-11
3.474442895207263049e-11
3.203978294194268478e-11
2.959581933009469851e-11
2.738292716667129361e-11
2.537533532085380739e-11
2.355031421580161756e-11
2.188777856902976844e-11
2.037025054448632491e-11
1.898275514285279864e-11
1.771237844547714849e-11
1.654768429748504912e-11
1.547826956893724897e-11
1.449457103883635299e-11
1.358797721147148334e-11
1.275104066540126223e-11
1.197749740953203348e-11
1.126196234215041339e-11
1.059947734912344671e-11
9.985299733973555093e-12
9.414976903274766205e-12
1.981551530183933996e-06
2.012117929689693929e-06
2.083628566766567693e-06
2.207743195960525348e-06
2.258070878245092006e-06
2.147424601666049279e-06
1.929901553517876750e-06
1.730220627606277109e-06
1.616967481815695296e-06
1.558530867399141236e-06
1.482167234844006831e-06
1.354376475255593469e-06
1.203114895923594244e-06
1.077039068979578644e-06
9.957177951268439452e-07
9.386465476016469453e-07
8.732413751307632667e-07
7.868384150672324373e-07
6.931510613392305746e-07
6.139211817267179821e-07
5.581170440612670527e-07
5.173686395634941403e-07
4.773388611847258245e-07
4.310955024097356491e-07
3.825981063295152022e-07
3.400567706465140155e-07
3.075596467695393543e-07
2.824921743386773180e-07
2.592984529767141104e-07
2.346730685523160206e-07
2.094662869409603344e-07
1.866538280965816445e-07
1.681565763954261202e-07
1.534373440227778044e-07
1.404994189720973095e-07
1.277754293543124645e-07
1.151215901927449264e-07
1.033879342421064988e-07
9.333863537860601815e-08
8.498143545239340319e-08
7.431379634651973686e-08
6.132788117600177005e-08
5.056329163872567254e-08
4.236061785104262085e-08
3.548067086793619100e-08
2.740541374450162286e-08
1.973151313954401065e-08
1.446467994148711759e-08
9.533206432662093056e-09
5.735055295094287086e-09
3.686732591892307488e-09
2.426015189536960982e-09
1.733899825566777461e-09
1.373123736975501795e-09
1.105006010715499342e-09
9.015426010638067654e-10
7.443449667114851051e-10
6.209894481994209257e-10
5.228669544694722624e-10
4.438768310959989718e-10
3.796099313455937210e-10
3.268218967849345062e-10
2.830883719457982331e-10
2.465732524763634900e-10
2.158680111784977395e-10
1.898791835750062483e-10
1.677495738276665503e-10
1.488012325903177604e-10
1.324929944193214877e-10
1.183893635825026990e-10
1.061376582576783284e-10
9.545020430289228448e-11
8.609045088803013622e-11
7.786285762790180849e-11
7.060518213385876092e-11
6.418201487165552043e-11
5.847964305893558015e-11
5.340229569676693378e-11
4.886897828067660516e-11
4.481063165974180242e-11
4.116807259929518131e-11
3.789069879539300527e-11
3.493522150410457552e-11
3.226435252675613492e-11
2.984572658139535815e-11
2.765105277892715041e-11
2.565551039475667803e-11
2.383737951794446652e-11
2.217783134079061514e-11
2.066053505038372446e-11
1.927115481355028096e-11
1.799697397698367410e-11
1.682669168384755516e-11
1.575020987422093775e-11
1.475849442065296089e-11
1.384356143562685804e-11
1.299837736643044106e-11
1.221666067857193043e-11
1.149272891164155800e-11
1.082147731560419933e-11
1.019837107568822246e-11
9.619382041010878160e-12
9.080892471513286606e-12
2.037542537030217594e-07
1.575076205461859370e-07
1.185790994642330374e-07
9.061103950327504054e-08
7.181534463898058744e-08
5.859293834767929848e-08
4.879818196178308745e-08
4.122227130645433044e-08
3.520482608386072926e-08
3.036145609936142765e-08
2.642897366437626702e-08
2.321914762074874543e-08
2.058240086548724785e-08
1.839660336887297702e-08
1.656312009095396048e-08
1.500472180331088141e-08
1.366310508622232593e-08
1.249555254098452244e-08
1.147121144634438714e-08
1.056758767129396573e-08
9.767658006100538433e-09
9.057760246639063877e-09
8.426255646505067691e-09
7.862845363830670113e-09
7.358305752685898760e-09
6.904455282786369498e-09
6.494188777731104204e-09
6.121517666147842152e-09
5.781534338683439369e-09
5.470273779359628468e-09
5.184520260429591000e-09
4.921621012624909568e-09
4.679334294440374281e-09
4.455706245144076080e-09
4.248975015228511712e-09
4.057514659234751701e-09
3.879826619224809828e-09
3.714554606354405578e-09
3.560488262200263288e-09
3.416555817002767742e-09
3.218634759699143851e-09
2.980975730466532742e-09
2.770605572833972192e-09
2.583538289994646059e-09
2.416435243572644634e-09
2.198792720830720255e-09
1.952943858748756468e-09
1.749305564547300205e-09
1.506035828141222321e-09
1.255613300950996095e-09
1.067123949086849214e-09
9.095181364777270866e-10
7.982058649831556687e-10
7.270166403540696589e-10
6.655976497548411743e-10
6.121612691780443307e-10
5.653230225477165752e-10
5.239924841674793918e-10
4.873019549498401660e-10
4.545521047753446897e-10
4.251745947194726943e-10
3.987027559939820978e-10
3.747499991863283567e-10
3.529938318197640421e-10
3.331631783224761830e-10
3.150286646250821403e-10
2.983950006332134611e-10
2.830950047283613982e-10
2.689848056701337941e-10
2.559398626721305002e-10
2.438519121559600014e-10
2.326267787860806867e-10
2.221817067224926776e-10
2.124433693235722646e-10
2.033478685533708902e-10
1.948379414492102704e-10
1.868624867224199089e-10
1.793785465803961423e-10
1.723443542177637643e-10
1.657208550780896819e-10
1.594779544651828759e-10
1.535887956014590423e-10
1.480265745902843098e-10
1.427644996889967300e-10
1.377776074490581401e-10
1.330480194772845017e-10
1.285608308505033262e-10
1.243012034846631408e-10
1.202543007346121993e-10
1.164052852568325886e-10
1.127393220033285225e-10
1.092417056184491049e-10
1.059005073267868704e-10
1.027081345845986490e-10
9.965769187535309091e-11
9.674228252319992440e-11
9.395501068471565061e-11
9.128898044441623369e-11
8.873729745730944377e-11
8.629306523784068779e-11
8.394938907243117311e-11
8.169937390191080347e-11
7.953612851314048966e-11
